657.203	55.6
656.588	44.4
655.974	52.4
655.359	50.4
654.744	49
654.129	51.4
653.516	49
652.901	49.6
652.286	49.6
651.671	49
651.056	48.6
650.44	49.6
649.825	49.4
649.21	50.4
648.595	49.2
647.979	51
647.364	50
646.749	51
646.133	51
645.518	51.6
644.902	49.2
644.286	50
643.671	49.8
643.055	50
642.439	51
641.823	50.6
641.207	49
640.591	48.8
639.976	50.4
639.359	50.4
638.743	49.6
638.127	51.2
637.511	50
636.895	50.8
636.279	50.4
635.662	50.6
635.046	52.4
634.429	50.2
633.813	51.6
633.196	49.6
632.58	49.2
631.963	51
631.346	50
630.73	51.4
630.113	50.4
629.496	51
628.879	50.6
628.262	51.4
627.645	49
627.027	50
626.41	50.8
625.793	48
625.175	48.6
624.558	50
623.941	50.8
623.324	50.6
622.706	49.8
622.089	50.2
621.471	51.4
620.854	50.4
620.236	49.2
619.618	51.2
619.001	50.4
618.382	49.8
617.764	51.4
617.146	49.2
616.528	49.8
615.91	48.8
615.292	50.2
614.674	49.8
614.056	49.6
613.438	50.6
612.818	52
612.2	49.2
611.582	49
610.963	50.6
610.345	50.6
609.727	49.8
609.108	49.6
608.489	50.6
607.869	50.2
607.251	49.6
606.632	50.6
606.013	50.6
605.395	50.2
604.776	51.2
604.157	49.8
603.536	51
602.917	50
602.298	49.2
601.679	51.2
601.06	51.2
600.441	49.6
599.82	49.6
599.201	49.6
598.582	50
597.962	49.8
597.343	50.8
596.723	49.2
596.102	51
595.483	49
594.863	50.4
594.243	50.6
593.624	50.2
593.002	52
592.382	50.4
591.763	51.2
591.143	50.2
590.523	50.2
589.901	50.6
589.281	51.6
588.661	51.4
588.041	50
587.419	51.6
586.799	50.6
586.178	49.4
585.558	49.2
584.937	49.8
584.315	49
583.695	50.2
583.074	50.4
582.454	48.4
581.831	51
581.211	49.8
580.59	52.4
579.969	50.4
579.347	48.8
578.726	51.2
578.105	49.8
577.482	50.8
576.861	50.8
576.24	51.6
575.619	48.8
574.996	50.4
574.375	50.8
573.753	49.2
573.132	48.8
572.509	51.4
571.887	50.4
571.266	50.4
570.643	52
570.021	48.4
569.399	49.8
568.777	50.8
568.154	50
567.532	49.2
566.91	49.2
566.287	50.4
565.665	49
565.043	48.2
564.419	49.4
563.797	50.6
563.175	49.4
562.551	49.6
561.929	49.2
561.306	50.2
560.683	49.2
560.06	49.8
559.438	49.4
558.813	49.2
558.191	50.2
557.568	50.6
556.944	49.4
556.321	50.4
555.698	48.2
555.074	52
554.451	51
553.827	49.2
553.204	50.8
552.58	50
551.956	51
551.333	49.4
550.709	50.4
550.085	49.6
549.461	49.2
548.836	51.6
548.213	50.4
547.589	48.8
546.964	49.6
546.341	49
545.717	49.8
545.092	50
544.468	49.2
543.843	51.2
543.219	50.4
542.594	50.2
541.97	50.4
541.346	51
540.72	47.8
540.096	51
539.471	50
538.846	50.6
538.222	51
537.596	49.8
536.972	50.6
536.346	50.4
535.722	49.8
535.096	50.2
534.471	49.8
533.845	49.4
533.22	49
532.596	50.6
531.969	50
531.344	49.8
530.718	48.2
530.093	51.4
529.467	51
528.842	49.8
528.215	49.2
527.59	51
526.963	49.6
526.338	49
525.711	49
525.086	51.2
524.459	51.6
523.834	50.6
523.207	49.8
522.581	50
521.956	50.2
521.329	50
520.703	50.2
520.076	48.6
519.45	50.2
518.823	50
518.195	50.4
517.569	51.6
516.942	50
516.316	50.6
515.688	49.2
515.062	49
514.434	49.2
513.808	49.6
513.18	49.8
512.554	48.4
511.926	49.8
511.3	50.4
510.672	50
510.045	50.8
509.417	49.8
508.79	50.4
508.162	48.8
507.534	49.2
506.907	50.4
506.279	49
505.652	50.8
505.023	50.4
504.396	50.6
503.768	49.4
503.139	50.2
502.512	50
501.883	49.8
501.256	51.4
500.627	49.8
500	50
499.371	50.6
498.742	50.6
498.114	50.4
497.485	49.4
496.858	50.2
496.228	51.6
495.599	52
494.971	48.6
494.342	51
493.714	50.2
493.085	50
492.455	50
491.827	49.6
491.198	50.4
490.568	49.2
489.94	50.2
489.31	49.4
488.682	52.2
488.052	49.8
487.422	50
486.794	51.8
486.164	50.4
485.534	49.6
484.905	49.6
484.275	50.8
483.645	50.2
483.016	51
482.385	50
481.755	50.4
481.126	48.8
480.496	49.6
479.867	50
479.236	50.6
478.606	50.8
477.975	50.2
477.346	51.4
476.715	49.4
476.084	51
475.455	50.6
474.824	48.2
474.193	50.4
473.563	50.2
472.932	49.8
472.301	49.4
471.671	50.2
471.04	49
470.409	49.2
469.777	50.6
469.147	50.2
468.516	50.8
467.885	50
467.254	49
466.623	51.6
465.991	49.4
465.359	51.4
464.729	49.6
464.097	50.2
463.466	51
462.835	48.8
462.203	48.6
461.571	51
460.939	50.6
460.308	49.4
459.676	50
459.044	50.2
458.412	48.4
457.781	49.2
457.149	51
456.516	50
455.884	49.8
455.253	50.6
454.62	50.2
453.987	50.6
453.355	52.2
452.722	50.4
452.091	50
451.458	51.4
450.825	50.6
450.192	51
449.56	48.8
448.927	51.6
448.294	48.8
447.661	49.2
447.028	50.4
446.396	48.8
445.763	49.6
445.129	50.6
444.496	49
443.862	49.4
443.23	50
442.597	50.2
441.963	50.2
441.33	49
440.696	49
440.062	50.2
439.43	49.4
438.796	51.6
438.162	49.8
437.528	51.2
436.894	49.6
436.26	49.4
435.627	50
434.993	49.6
434.359	49.8
433.724	50.6
433.09	50.4
432.456	49.2
431.821	52.2
431.188	52.2
430.553	48.2
429.919	49
429.284	49.6
428.649	50
428.015	48
427.38	50.6
426.746	50.6
426.111	51.2
425.477	49.6
424.841	50.4
424.206	50.6
423.571	49.8
422.936	50
422.301	49.8
421.665	48.8
421.03	49.8
420.396	49.4
419.761	52.2
419.125	50.4
418.49	51.2
417.854	50
417.218	51.4
416.583	49.4
415.947	51.2
415.311	49.6
414.675	51
414.039	49
413.403	49.2
412.769	49.8
412.133	50.2
411.496	51.6
410.86	51.2
410.224	50.6
409.588	49.4
408.951	51.2
408.315	50.4
407.679	50.6
407.042	50.4
406.406	51.4
405.769	51.2
405.132	50.4
404.496	49.6
403.859	51.4
403.222	51.2
402.585	50.8
401.948	51
401.311	51.6
400.674	50.2
400.037	51.6
399.4	48.2
398.763	51
398.125	47.8
397.488	51
396.851	50
396.213	51.2
395.576	49.8
394.938	52.6
394.301	50.4
393.663	50.6
393.026	49.2
392.388	50.6
391.75	49
391.112	49.6
390.474	49.6
389.837	52.4
389.199	50.6
388.561	51
387.922	50.4
387.284	49.8
386.646	50.2
386.008	51
385.37	48.4
384.731	49.4
384.093	48.4
383.454	50.4
382.816	51.6
382.177	50
381.539	50.8
380.9	50.4
380.261	50.6
379.622	49.4
378.982	50.2
378.343	49
377.704	49.4
377.065	50.2
376.426	50.6
375.787	50.6
375.148	52.4
374.509	50.2
373.87	49.4
373.23	49.2
372.591	51
371.952	50.2
371.312	50.2
370.671	50.2
370.032	50.8
369.392	50.8
368.752	51
368.113	49
367.473	50.4
366.833	50.2
366.193	49.6
365.553	50.8
364.912	51
364.272	51
363.632	51.4
362.991	49.6
362.351	47.8
361.711	51.4
361.071	50.8
360.43	50
359.788	49.4
359.148	50.6
358.507	50.4
357.867	50.2
357.226	49.8
356.585	49.6
355.943	50.2
355.303	51
354.662	50.8
354.021	50.6
353.38	51
352.739	51.8
352.098	52.2
351.455	51.6
350.814	50.2
350.173	51
349.532	51.6
348.89	50
348.247	52.4
347.606	50.6
346.964	50.6
346.323	51.8
345.681	50
345.038	50.4
344.397	52.4
343.755	49.8
343.113	52
342.471	50.8
341.828	50.6
341.186	51.8
340.544	50.2
339.902	51.4
339.26	51.6
338.616	50.8
337.974	51.6
337.331	50.8
336.689	51.2
336.045	51
335.403	53
334.76	50.6
334.118	51.8
333.475	50.6
332.831	49.4
332.188	50.4
331.546	51
330.903	49.6
330.258	50.2
329.616	49.2
328.973	50.4
328.33	50
327.685	52
327.042	50.6
326.399	49.4
325.754	50.8
325.111	52
324.467	51.2
323.824	51
323.179	51.2
322.535	50.8
321.892	51.4
321.247	50.8
320.603	50.6
319.959	52.2
319.316	50.6
318.67	52.4
318.026	51.6
317.383	52
316.737	50.6
316.093	51
315.449	51.6
314.803	51
314.159	50.4
313.515	51
312.871	51.8
312.225	52.8
311.58	50
310.936	51.2
310.29	50.6
309.645	53.2
309.001	50.8
308.354	52.6
307.71	50.8
307.065	51
306.419	50.6
305.774	50.8
305.129	54.2
304.482	52.4
303.837	51.8
303.191	52.8
302.545	53.6
301.9	50.6
301.253	54.4
300.608	51.8
299.963	52
299.316	50.6
298.67	52.6
298.025	51.2
297.378	51.8
296.732	51.8
296.085	53.8
295.439	51.8
294.793	52.6
294.146	52.2
293.5	53.6
292.853	50.8
292.206	53
291.56	53.2
290.913	52.4
290.267	53
289.619	52
288.973	51.2
288.326	52
287.678	52.6
287.032	55
286.384	53
285.737	54.8
285.091	52.8
284.442	54.8
283.796	51.2
283.147	54
282.501	52.4
281.852	51.6
281.205	53.6
280.557	54.6
279.91	53
279.263	51
278.614	53.4
277.967	54.8
277.318	51.8
276.671	52.6
276.022	53
275.374	53.2
274.725	54
274.078	53.2
273.429	53.4
272.781	54.6
272.133	56
271.484	52
270.836	54.4
270.187	53.4
269.539	53.6
268.89	54.6
268.242	54.4
267.592	53.8
266.944	54.8
266.294	55.6
265.646	54.6
264.996	56.4
264.348	53
263.698	55
263.05	55.8
262.4	53.8
261.751	56.8
261.101	56.4
260.452	56
259.802	56.6
259.153	53.8
258.503	55.6
257.854	56.2
257.204	58.4
256.553	56.2
255.904	58.4
255.253	56.8
254.604	54.8
253.954	58.4
253.304	54.8
252.653	58.4
252.004	56
251.353	58.4
250.704	56.4
250.053	58.8
249.402	58.2
248.752	59.2
248.101	58
247.451	54.6
246.8	57
246.15	59.8
245.498	58
244.848	57.8
244.197	57.6
243.545	55
242.895	56.4
242.243	56
241.593	55.6
240.941	56.4
240.29	55.2
239.639	55.8
238.987	55.6
238.337	57.2
237.685	55.8
237.032	57.6
236.382	55.6
235.73	58
235.079	56.8
234.426	57.2
233.774	55.6
233.123	54.6
232.471	56.8
231.819	54.2
231.167	57.8
230.514	56.6
229.863	57.8
229.21	56.6
228.557	55.8
227.906	56
227.253	55.2
226.6	53.6
225.948	54
225.295	56.2
224.644	58.2
223.99	55.2
223.337	55.8
222.685	54.6
222.032	56.8
221.379	54.6
220.727	54.6
220.073	53.4
219.419	56.2
218.767	53.8
218.114	53.6
217.46	54.4
216.807	55.4
216.154	53.8
215.5	56.2
214.847	54.8
214.193	55.2
213.539	55.4
212.885	56
212.232	54.2
211.578	55.6
210.924	51.4
210.271	56.6
209.616	53.8
208.962	53.8
208.309	55.2
207.654	55.4
207	55
206.345	54.8
205.692	55.2
205.037	54.4
204.382	54.4
203.729	52
203.074	55
202.419	55.8
201.763	55
201.11	55.2
200.455	56.2
199.799	55.8
199.144	55.6
198.49	54.2
197.835	57.4
197.179	55.8
196.524	53.6
195.87	55.6
195.214	57.8
194.558	56.4
193.903	55
193.248	56.6
192.593	58.2
191.937	56.8
191.281	56.2
190.626	55.2
189.97	56.6
189.314	57.4
188.658	59.2
188.002	57.4
187.347	57.8
186.69	57
186.034	59.4
185.378	57
184.723	58.2
184.066	60.2
183.409	60.6
182.753	59.4
182.096	60
181.441	59.8
180.784	60.8
180.127	59.2
179.47	60.8
178.813	62
178.156	61.4
177.5	60.2
176.843	61.4
176.186	61.4
175.529	61.8
174.871	61.2
174.215	66.2
173.558	66
172.9	66.4
172.243	64.2
171.585	67.6
170.928	67.2
170.27	68.2
169.614	65.6
168.956	68
168.298	65.2
167.64	68.4
166.982	65.4
166.324	73
165.667	69
165.009	72
164.351	70.8
163.693	72
163.034	70.2
162.376	73.8
161.717	71.8
161.059	73
160.402	73
159.743	78.6
159.085	76.6
158.426	76
157.767	77.4
157.108	79
156.449	78.2
155.79	81.6
155.131	84
154.474	83.2
153.815	84.4
153.156	88
152.496	91.2
151.837	88
151.178	91.8
150.518	93
149.859	94.8
149.199	102
148.54	99
147.88	100
147.221	111.4
146.562	118.2
145.903	124.2
145.243	133.2
144.583	143.2
143.923	161.6
143.263	177.8
142.603	191.2
141.943	221.6
141.283	245
140.622	279.8
139.962	310.2
139.302	337.2
138.641	341.8
137.981	338.2
137.32	304.2
136.66	271.4
135.999	237.8
135.339	212
134.678	200.8
134.017	192.8
133.356	187.2
132.695	180.6
132.034	174.2
131.373	175.2
130.712	173.4
130.053	177.4
129.392	179.2
128.73	183.8
128.069	183.8
127.408	198.8
126.746	197.2
126.085	196.4
125.423	191
124.762	185.8
124.1	172
123.437	166.4
122.775	168
122.113	163.4
121.452	154.2
120.79	154.4
120.128	150.6
119.466	144.2
118.804	150.6
118.142	149
117.479	141.8
116.817	139.6
116.155	129.2
115.493	131.6
114.83	132.4
114.168	127.8
113.505	126
112.843	123.2
112.18	123
111.517	128.6
110.855	127.6
110.192	125.8
109.529	129.4
108.866	129.2
108.203	141.2
107.54	139.6
106.876	142.4
106.212	149.6
105.549	151.6
104.886	161.8
104.223	173.2
103.559	177.8
102.896	196.2
102.232	224.2
101.569	249.8
100.905	280.6
100.242	330.2
99.5781	382.2
98.9128	447.2
98.249	488.8
97.5852	489
96.9213	477.4
96.2573	431
95.5933	406
94.9292	366.4
94.2651	338
93.6009	319.6
92.9351	295
92.2708	278
91.6065	247.6
90.942	233.6
90.2776	206.8
89.613	185.6
88.9484	171.6
88.2838	155.8
87.6176	149.8
86.9528	141.2
86.288	135.6
85.6232	125
84.9582	120.6
84.2933	121.4
83.6282	112.8
82.9616	111.4
82.2965	105
81.6313	102.4
80.966	94.6
80.3007	92.8
79.6353	88.8
78.9684	85.6
78.3029	88.8
77.6374	85.4
76.9718	81.2
76.3061	84.4
75.6404	78.2
74.9731	80.8
74.3073	73.2
73.6414	75.4
72.9755	75
72.3095	75.6
71.6419	75.4
70.9758	77.4
70.3097	76.4
69.6434	73.4
68.9772	72.8
68.3093	71.6
67.6429	76.2
66.9765	76.2
66.31	73.2
65.6434	73
64.9753	73.8
64.3086	72.2
63.6419	73
62.9751	75.6
62.3068	72.8
61.6399	71.8
60.9729	73.6
60.3059	72
59.6388	75.8
58.9702	73.8
58.303	74
57.6358	71.2
56.9685	72.8
56.2996	69
55.6322	68.4
54.9648	69.2
54.2972	67
53.6281	70
52.9605	69.2
52.2928	68
51.6251	70.4
50.9558	68.4
50.2879	68.4
49.62	66
48.952	67.6
48.2825	66.2
47.6144	66.2
46.9462	68.6
46.2765	65.2
45.6083	63.4
44.94	62.8
44.2716	59.8
43.6016	65
42.9332	62.2
42.2646	65.6
41.5945	64.4
40.9259	62
40.2571	63
39.5869	62
38.918	61.8
38.2492	63.4
37.5802	62.8
36.9097	63.6
36.2407	64.2
35.5715	64.6
34.9009	62.2
34.2316	62.6
33.5624	63.6
32.8915	64
32.2221	63.4
31.5527	61.2
30.8816	64.4
30.2121	62.2
29.5425	63.4
28.8713	64
28.2015	64.8
27.5317	62.8
26.8604	66
26.1905	66
25.5205	65
24.849	68.4
24.1789	67.2
23.5088	66.2
22.8371	65.4
22.1668	66.6
21.495	68.4
20.8246	68.8
20.1542	70.6
19.4822	76
18.8117	75.6
18.1411	79.2
17.4689	74
16.7982	76.8
16.1259	81.6
15.4551	83.6
14.7843	86.8
14.1118	87.6
13.4408	86.4
12.7698	89.4
12.0972	96
11.426	97
10.7533	97.8
10.082	103.4
9.41065	107.8
8.73774	111.4
8.0663	118.8
7.39328	153.6
6.72172	165.2
6.04858	149.4
5.3769	139
4.70517	135.4
4.03186	155.8
3.36002	212.8
2.68659	396.4
2.01463	1073.8
1.34109	3204.2
0.669021	7518.2
-0.00310931	11008.8
-0.676821	11939.6
-1.34907	8497.4
-2.02289	5189.6
-2.69525	2340.2
-3.36919	1085.2
-4.04167	460.6
-4.71573	246
-5.38831	173.8
-6.06096	145
-6.73519	126.4
-7.40795	116.8
-8.08229	109.8
-8.75517	106.4
-9.42963	100.4
-10.1026	93.2
-10.7772	90.8
-11.4503	85.4
-12.125	85.4
-12.7982	78.8
-13.473	81.4
-14.1463	76.6
-14.8213	78.2
-15.4947	74.8
-16.1697	73.4
-16.8433	72.8
-17.5185	69.4
-18.1921	67.4
-18.8674	68.8
-19.5412	67.4
-20.2166	66.2
-20.8905	64
-21.566	61.4
-22.24	62.2
-22.9156	64
-23.5897	58.6
-24.2655	61.6
-24.9397	61.8
-25.6156	60.2
-26.2899	58
-26.9659	57.2
-27.6404	59.6
-28.3164	57.8
-28.991	57.6
-29.6672	57.4
-30.3419	54.2
-31.0182	56
-31.6931	57.4
-32.3695	55.8
-33.046	55.2
-33.721	53.8
-34.3976	53.6
-35.0727	53.6
-35.7494	55.2
-36.4246	54.2
-37.1014	54.8
-37.7768	53.4
-38.4537	55.4
-39.1307	53.4
-39.8062	54.4
-40.4833	52.4
-41.159	53.8
-41.8362	52.6
-42.512	55.2
-43.1893	53.6
-43.8667	54.2
-44.5426	54.6
-45.2201	52.8
-45.8962	54.2
-46.5738	52.6
-47.2515	53.4
-47.9277	52
-48.6055	53.4
-49.2818	55.6
-49.9598	54.4
-50.6377	53.4
-51.3142	52.8
-51.9923	54.8
-52.669	53.8
-53.3472	53.4
-54.0254	52.2
-54.7022	55
-55.3806	54
-56.0575	53.8
-56.736	53.8
-57.4146	52.6
-58.0917	55.6
-58.7703	53.6
-59.4491	55.6
-60.1263	53.8
-60.8052	56.6
-61.4841	53.6
-62.1615	52.2
-62.8405	51.6
-63.5181	52
-64.1972	52
-64.8764	52.4
-65.5541	52
-66.2334	52.4
-66.9128	53.6
-67.5907	53.6
-68.2702	51.6
-68.9497	53.2
-69.6278	52.8
-70.3075	51.2
-70.9872	51.2
-71.6654	50.6
-72.3453	52.2
-73.0252	52.4
-73.7036	52.6
-74.3836	52
-75.0637	53
-75.7438	54
-76.4224	51.6
-77.1027	53.8
-77.783	52
-78.4618	52.6
-79.1422	50.4
-79.8227	52
-80.5017	51.4
-81.1823	53
-81.8629	52.8
-82.5436	52.6
-83.2229	55.8
-83.9037	52.4
-84.5846	55.2
-85.264	55
-85.945	55.2
-86.626	55.6
-87.3072	55.6
-87.9868	57.2
-88.668	56.8
-89.3493	54.4
-90.0291	56.6
-90.7105	56.4
-91.392	60.4
-92.0735	59.4
-92.7536	61.8
-93.4352	61.4
-94.1169	66.2
-94.7987	65.8
-95.479	67.2
-96.1609	66.8
-96.8428	72.6
-97.5248	72.6
-98.2053	70.4
-98.8874	73.2
-99.5696	73.6
-100.252	70
-100.934	69.6
-101.615	65.4
-102.297	59.8
-102.98	60
-103.662	55.8
-104.343	57.2
-105.026	55.8
-105.709	54.2
-106.391	53.6
-107.074	54
-107.756	53.8
-108.438	52.8
-109.121	53.4
-109.805	51.2
-110.488	51
-111.169	51.6
-111.852	50.2
-112.536	50
-113.219	51.8
-113.902	51.8
-114.584	48.6
-115.268	51.8
-115.951	52
-116.635	49.4
-117.319	53
-118.003	53.2
-118.685	50.2
-119.369	50.4
-120.053	51.2
-120.737	52.2
-121.421	51.2
-122.103	53.6
-122.787	51.6
-123.472	52.6
-124.156	52.4
-124.84	51.8
-125.525	52.4
-126.209	54.8
-126.892	54.8
-127.577	52.2
-128.261	55.6
-128.946	51.2
-129.631	51.2
-130.316	54
-131	51.6
-131.684	51.4
-132.369	52.6
-133.054	51.6
-133.739	51.2
-134.424	50.4
-135.109	49.8
-135.795	52.6
-136.48	51.6
-137.164	53.8
-137.849	52.8
-138.535	51.2
-139.22	53.8
-139.906	52.4
-140.592	53.6
-141.277	52.4
-141.963	53.6
-142.649	51
-143.335	50.2
-144.019	50.6
-144.706	51.4
-145.392	49
-146.078	49.8
-146.764	49.2
-147.45	49.6
-148.137	48.4
-148.823	47.8
-149.509	49.6
-150.196	48.2
-150.883	49.4
-151.569	50.2
-152.256	48.8
-152.941	48.2
-153.628	49.4
-154.315	49.2
-155.002	48.6
-155.689	50.2
-156.376	48.2
-157.063	47.6
-157.75	47
-158.437	47.8
-159.125	48.4
-159.812	47.6
-160.499	48.2
-161.187	46.8
-161.874	47.4
-162.562	47.8
-163.25	49
-163.937	49.2
-164.625	47.8
-165.313	47
-166.001	49.4
-166.689	48.8
-167.377	48.6
-168.065	50.8
-168.753	49.2
-169.441	48.2
-170.129	48.2
-170.818	47.6
-171.506	47.8
-172.194	47.8
-172.883	47
-173.571	47.8
-174.26	48
-174.949	46.8
-175.637	46.2
-176.326	47.8
-177.015	47.8
-177.704	47
-178.393	47.6
-179.082	47.4
-179.771	47.2
-180.46	47.8
-181.149	48
-181.838	48.4
-182.528	47.2
-183.217	48.4
-183.907	46.6
-184.596	47
-185.286	47
-185.975	48.2
-186.665	46.8
-187.355	47.4
-188.044	47.8
-188.734	47.6
-189.424	48
-190.114	46
-190.804	47
-191.494	48.2
-192.184	46.8
-192.876	48
-193.566	48.2
-194.257	47.2
-194.947	47.6
-195.637	48.8
-196.328	48.2
-197.018	47.2
-197.709	46.2
-198.4	48.2
-199.09	47.4
-199.781	46.4
-200.472	47
-201.163	48
-201.856	49.6
-202.547	48
-203.238	48.6
-203.929	47
-204.62	47
-205.311	48.8
-206.003	48.4
-206.694	47.4
-207.386	47.4
-208.077	47.2
-208.77	48.2
-209.462	47.6
-210.153	47.4
-210.845	48.2
-211.537	47.4
-212.229	47.6
-212.921	47.4
-213.613	47.8
-214.305	47.2
-214.999	47.6
-215.691	45.2
-216.383	46.6
-217.075	47.4
-217.768	48.6
-218.46	47.8
-219.152	48.8
-219.847	47.6
-220.539	46.4
-221.232	48
-221.925	47.8
-222.617	47.8
-223.31	45.8
-224.005	46.4
-224.698	47.8
-225.391	48.6
-226.084	47
-226.777	48.2
-227.47	48
-228.165	46.6
-228.858	47.4
-229.551	47.4
-230.245	48.8
-230.938	48.2
-231.632	46.6
-232.327	49
-233.021	46.2
-233.714	48.8
-234.408	47.2
-235.102	46.6
-235.798	48.2
-236.492	47.8
-237.186	45.4
-237.88	47.2
-238.574	48.4
-239.27	47.6
-239.964	46
-240.658	47.6
-241.353	47.2
-242.047	47
-242.743	47.8
-243.438	48
-244.132	47.2
-244.827	47.4
-245.523	46.8
-246.218	49.4
-246.913	46.8
-247.608	47.6
-248.303	47.8
-248.999	48.2
-249.695	47.6
-250.39	46.8
-251.085	48
-251.782	48.6
-252.477	48.8
-253.173	47
-253.868	49
-254.565	47.2
-255.261	47.6
-255.956	47.8
-256.652	47
-257.35	47
-258.045	47
-258.741	48
-259.437	47.8
-260.135	47.2
-260.831	48.2
-261.527	48.6
-262.225	48.2
-262.921	48.6
-263.617	48
-264.314	47.8
-265.012	47.4
-265.708	46.2
-266.405	46.4
-267.103	46.4
-267.8	47.8
-268.496	47.4
-269.193	47.8
-269.892	48.4
-270.589	47.6
-271.286	46.6
-271.984	46
-272.681	48.6
-273.378	48
-274.077	48
-274.775	49
-275.472	48.2
-276.171	47.2
-276.868	47.4
-277.566	47
-278.263	46.8
-278.963	47
-279.66	47.4
-280.358	45.8
-281.058	48.6
-281.755	47.6
-282.453	46.8
-283.153	48.6
-283.851	48
-284.549	47.6
-285.249	47.8
-285.947	47
-286.647	46.2
-287.345	47.6
-288.044	47.2
-288.744	48.2
-289.443	47.4
-290.141	47.6
-290.841	46
-291.54	47.8
-292.239	47.8
-292.939	46.8
-293.638	47.4
-294.339	46.8
-295.038	48.4
-295.737	46.2
-296.438	46.8
-297.137	47.6
-297.836	47.8
-298.537	47.6
-299.237	47.2
-299.938	47.6
-300.637	47.8
-301.337	46.6
-302.038	47.4
-302.738	47.2
-303.439	48.8
-304.139	47
-304.839	47.4
-305.54	49.2
-306.24	44.8
-306.942	47.4
-307.642	49.6
-308.342	46.6
-309.044	47.6
-309.745	47.6
-310.447	47.2
-311.147	47
-311.849	46.2
-312.55	48.6
-313.25	47.8
-313.953	47.2
-314.653	48.4
-315.356	45.4
-316.057	47.4
-316.759	47
-317.46	47.8
-318.161	47.4
-318.864	47.8
-319.565	48
-320.268	46.2
-320.969	47.6
-321.672	48.4
-322.373	46.4
-323.077	47.2
-323.778	47.2
-324.481	47
-325.183	48.6
-325.885	45.8
-326.588	46.2
-327.29	47.2
-327.993	49.6
-328.695	47.8
-329.399	47.4
-330.101	48.2
-330.805	47.2
-331.507	46.8
-332.211	48.6
-332.913	48.2
-333.617	48
-334.32	48.8
-335.024	48.2
-335.726	47.2
-336.431	48.2
-337.133	48
-337.838	46.6
-338.54	47.8
-339.245	47.4
-339.948	47.6
-340.652	48.4
-341.356	46.8
-342.06	47.2
-342.763	47.4
-343.468	46.6
-344.172	47.4
-344.877	46.6
-345.58	47.4
-346.285	47.8
-346.989	46.8
-347.694	48.2
-348.399	47.2
-349.103	46.8
-349.808	48
-350.512	47
-351.218	47
-351.922	48.4
-352.627	47.4
-353.331	46.4
-354.037	48.2
-354.741	45.8
-355.447	47.2
-356.153	46.8
-356.858	47.6
-357.564	47.8
-358.268	47.2
-358.975	47.4
-359.679	47.8
-360.386	48.4
-361.09	46.8
-361.797	47.4
-362.503	48.6
-363.208	47.6
-363.915	48
-364.62	47.2
-365.327	45.8
-366.034	47.4
-366.739	48.8
-367.446	46
-368.151	47.6
-368.858	47
-369.564	47.2
-370.271	47
-370.978	47.8
-371.684	46.6
-372.391	46.8
-373.097	46
-373.805	47.2
-374.512	47.8
-375.218	46.6
-375.926	46
-376.634	47.4
-377.34	47.4
-378.048	46.4
-378.754	46.6
-379.462	46
-380.17	47.8
-380.877	48.4
-381.585	48.4
-382.293	46.8
-383	48
-383.708	46
-384.415	47.2
-385.124	48
-385.832	47.6
-386.539	47
-387.248	46.8
-387.956	47.6
-388.664	47.6
-389.373	46.6
-390.081	46.6
-390.789	47.8
-391.498	47.4
-392.207	47.6
-392.915	47.4
-393.624	46.8
-394.333	46.4
-395.041	46.2
-395.75	46.2
-396.46	46.6
-397.168	47.2
-397.877	46.4
-398.587	47
-399.295	48.2
-400.005	47.6
-400.715	47.8
-401.423	47
-402.133	48
-402.843	47
-403.552	47
-404.262	48.6
-404.972	47.6
-405.682	47.2
-406.391	47.2
-407.101	46.4
-407.812	46.8
-408.521	46.4
-409.231	46.4
-409.942	49.4
-410.653	47.2
-411.362	47.8
-412.073	48
-412.784	47
-413.493	47.4
-414.204	47.6
-414.915	46.4
-415.626	46.6
-416.336	46.2
-417.047	47.6
-417.759	47.2
-418.47	47.8
-419.18	48
-419.891	47.6
-420.603	48.4
-421.313	45.8
-422.025	48.6
-422.737	46.8
-423.448	48.6
-424.159	46.8
-424.871	47.2
-425.583	47.6
-426.295	48.4
-427.007	47.6
-427.718	46.8
-428.43	47.8
-429.142	46.2
-429.855	47
-430.566	46.8
-431.278	47
-431.991	47
-432.703	48
-433.414	47.2
-434.127	47.2
-434.84	49
-435.553	48
-436.266	47
-436.977	48.4
-437.69	46.8
-438.404	46.6
-439.117	48.6
-439.83	47
-440.542	47.2
-441.255	47.6
-441.969	47.4
-442.682	46.4
-443.396	46.8
-444.108	48.6
-444.822	46.6
-445.535	46.8
-446.249	46.8
-446.963	47.6
-447.676	46.6
-448.39	47.6
-449.104	46.6
-449.818	47
-450.532	46.6
-451.246	47.8
-451.959	46.2
-452.674	47
-453.388	47.6
-454.103	46.4
-454.817	45.4
-455.532	46.4
-456.245	46.4
-456.96	47.4
-457.675	47.4
-458.39	47.6
-459.104	48
-459.82	47.4
-460.535	47.8
-461.248	47.8
-461.963	46.6
-462.679	47.4
-463.394	47.4
-464.109	46.4
-464.825	48.4
-465.541	45.6
-466.255	46.6
-466.97	46.2
-467.686	47.8
-468.402	47.4
-469.118	47.4
-469.833	47.8
-470.549	46.8
-471.266	47
-471.982	46.8
-472.696	46.6
-473.412	48.8
-474.129	47.6
-474.845	48.2
-475.562	46.8
-476.278	46
-476.995	45
-477.711	47
-478.428	47.6
-479.145	46.4
-479.86	47.8
-480.577	46
-481.294	46.6
-482.011	47.6
-482.728	47.2
-483.445	46.4
-484.162	49
-484.879	47.4
-485.597	47
-486.314	47.2
-487.031	47.2
-487.749	47.4
-488.466	46.6
-489.182	47.8
-489.9	47.2
-490.618	46.8
-491.336	47.4
-492.054	46.6
-492.771	46.2
-493.489	47
-494.208	46.8
-494.926	46.8
-495.644	46.8
-496.362	46.8
-497.08	46
-497.799	46.2
-498.517	47.2
-499.236	47.2
-499.954	46.8
-500.673	47
-501.392	47.2
-502.11	46.6
-502.829	47.2
-503.548	46.8
-504.267	48.6
-504.986	49.4
-505.705	47.2
-506.424	49.2
-507.144	46.4
-507.863	47.6
-508.581	47.6
-509.3	47.4
-510.019	46.8
-510.739	47.4
-511.459	48.6
-512.178	47
-512.898	47.4
-513.618	46.6
-514.338	47.8
-515.057	46.2
-515.779	47.2
-516.499	47.6
-517.219	46.6
-517.939	47.4
-518.66	46.2
-519.38	48
-520.1	47.6
-520.821	46.2
-521.541	46.4
-522.262	45.4
-522.982	45.8
-523.703	48
-524.424	47.6
-525.144	47.4
-525.865	46
-526.586	47.6
-527.307	48.2
-528.028	45.8
-528.749	46.2
-529.471	45.8
-530.192	47.4
-530.913	46.4
-531.635	44.8
-532.356	46.6
-533.077	47.6
-533.799	46.4
-534.521	49
-535.244	46.8
-535.966	48.2
-536.688	46.2
-537.409	47.4
-538.131	47.6
-538.853	47.4
-539.575	47.8
-540.298	48
-541.02	46.8
-541.742	48.2
-542.464	46.4
-543.187	46.4
-543.909	46.8
-544.633	47.2
-545.356	47.4
-546.079	46.8
-546.801	47.8
-547.524	47
-548.247	46.4
-548.97	46.4
-549.693	47.8
-550.416	47.2
-551.139	48.4
-551.864	46.4
-552.587	46.6
-553.31	47.2
-554.034	46.8
-554.757	47.8
-555.48	46.4
-556.204	47.8
-556.928	48.2
-557.651	47.4
-558.377	46.2
-559.1	46.8
-559.824	46
-560.548	46.8
-561.272	46.4
-561.996	46
-562.72	47.8
-563.446	47.4
-564.17	47.2
-564.895	48.2
-565.619	47.4
-566.344	46.4
-567.068	47.2
-567.793	46.8
-568.519	47.6
-569.244	47.8
-569.968	47.6
-570.693	46.8
-571.418	48.4
-572.143	45.8
-572.87	46.8
-573.595	47.4
-574.32	47.8
-575.045	47.8
-575.77	46.8
-576.496	45.8
-577.223	46.8
-577.948	47
-578.674	46.8
-579.399	46.4
-580.125	48.8
-580.851	47.2
-581.578	46.6
-582.304	47
-583.03	46.6
-583.756	47.6
-584.482	46.8
-585.21	48
-585.936	46
-586.662	46.6
-587.388	47.8
-588.115	48
-588.843	47.4
-589.569	46.2
-590.296	47.8
-591.023	46.8
-591.749	46.4
-592.478	46.4
-593.205	47.2
-593.931	47.4
-594.658	48.8
-595.387	46.6
-596.114	46
-596.841	47
-597.568	47
-598.297	47
-599.025	48.2
-599.752	46.6
-600.48	48
-601.207	47
-601.936	48.2
-602.664	46.4
-603.392	47.2
-604.119	47
-604.849	48.6
-605.577	47.4
-606.305	46.4
-607.033	47.6
-607.763	48.2
-608.491	47
-609.219	47.2
-609.949	49.2
-610.677	47.6
-611.406	46.6
-612.134	46.6
-612.865	47.4
-613.593	46.8
-614.322	48.2
-615.051	46.8
-615.781	47.6
-616.51	47
-617.239	46.2
-617.97	45.6
-618.699	47.2
-619.428	47
-620.157	47.2
-620.888	48
-621.617	47.4
-622.347	48
-623.078	46
-623.807	48.2
-624.537	46.4
-625.268	47
-625.998	46.8
-626.728	47.4
-627.458	48.4
-628.189	47.2
-628.919	48.2
-629.649	45.2
-630.381	46.8
-631.111	46.8
-631.841	47.4
-632.573	48.2
-633.304	48.4
-634.034	48.8
-634.766	47.6
-635.497	48
-636.228	47.6
-636.96	49.6
-637.691	47.6
-638.422	47.4
-639.154	46.2
-639.885	46.6
-640.616	47.8
-641.349	49
-642.08	46.4
-642.811	47.8
-643.544	48
-644.276	47
-645.007	45.6
-645.74	47.4
-646.472	47.8
-647.205	47.2
-647.937	47.4
-648.668	47
-649.402	47.8
-650.134	47
-650.866	46.4
-651.599	47.2
-652.331	48
-653.065	46.2
-653.797	46
-654.53	47.6
-655.264	47.2
-655.996	48.4
-656.728	46.8
-657.463	47.2
-658.195	45.8
-658.93	46.6
-659.662	45.4
-660.395	47
-661.13	47.4
-661.862	46.4
-662.597	46.2
-663.33	45.8
-664.063	47.6
-664.798	45
-665.531	47.8
-666.266	47
-667	46.4
-667.733	47
-668.468	47
-669.202	47.4
-669.937	46.4
-670.671	47.6
-671.406	46.8
-672.14	46.4
-672.874	47
-673.61	46.8
-674.344	47.4
-675.079	47.2
-675.814	47.4
-676.549	46.8
-677.284	46.4
-678.018	48.2
-678.754	46.8
-679.489	47.2
-680.225	48.4
-680.959	47
-681.696	47.4
-682.431	47.2
-683.167	47.4
-683.902	47.6
-684.639	48.2
-685.374	46.6
-686.109	47.4
-686.845	48
-687.581	47.8
-688.318	47.6
-689.053	46.8
-689.79	47.4
-690.525	47.4
-691.263	48
-691.998	47.2
-692.736	45.8
-693.471	47.2
-694.209	46.2
-694.945	47.6
-695.682	47
-696.418	47.8
-697.156	47.4
-697.892	48.4
-698.63	46
-699.366	47.6
-700.104	46.4
-700.841	46
-701.579	47.6
-702.315	47.2
-703.054	47.4
-703.79	46.6
-704.529	47
-705.265	48
-706.004	46.2
-706.741	46.4
-707.479	47.2
-708.216	47
-708.955	48.8
-709.692	46.4
-710.431	46
-711.169	48.8
-711.908	46.2
-712.645	48
-713.384	47.8
-714.122	48.2
-714.861	47.6
-715.601	47
-716.338	46.4
-717.078	46.2
-717.816	47.4
-718.555	47.6
-719.294	47.2
-720.033	47.8
-720.771	46.4
-721.511	46.6
-722.25	47.4
-722.99	46.8
