657.203	51.2
656.588	42.8
655.974	51
655.359	49.3
654.744	47.8
654.129	48.6
653.516	48
652.901	48.2
652.286	48.3
651.671	48
651.056	47.1
650.44	47.6
649.825	46.7
649.21	47.2
648.595	47.7
647.979	47.3
647.364	47.7
646.749	47.3
646.133	48.3
645.518	46.9
644.902	48.4
644.286	48
643.671	48.3
643.055	47.4
642.439	47.3
641.823	47.6
641.207	48.2
640.591	47.4
639.976	46.9
639.359	47.6
638.743	47.6
638.127	47.6
637.511	47.3
636.895	47.6
636.279	48
635.662	47.5
635.046	46.7
634.429	48.8
633.813	48.5
633.196	47.9
632.58	47.2
631.963	47
631.346	47
630.73	47.3
630.113	48.1
629.496	47.9
628.879	47.3
628.262	48
627.645	47.5
627.027	48
626.41	46.7
625.793	47.5
625.175	46.8
624.558	47.3
623.941	46.7
623.324	48.3
622.706	46.5
622.089	46.4
621.471	47.7
620.854	48
620.236	47.7
619.618	47.6
619.001	47.3
618.382	48.2
617.764	46.8
617.146	47.6
616.528	48.2
615.91	47.1
615.292	47.2
614.674	47.7
614.056	47.3
613.438	47
612.818	48.4
612.2	47.5
611.582	46.7
610.963	48.1
610.345	48.1
609.727	46.3
609.108	47.2
608.489	47.9
607.869	48
607.251	47.2
606.632	47.2
606.013	47.7
605.395	47.4
604.776	48.2
604.157	47.2
603.536	47.4
602.917	48.1
602.298	47.6
601.679	48.5
601.06	47.2
600.441	47.8
599.82	47.3
599.201	48.2
598.582	47.6
597.962	47.5
597.343	48.1
596.723	47.6
596.102	47.5
595.483	47.7
594.863	47.5
594.243	47.3
593.624	47.4
593.002	47.3
592.382	48
591.763	47.9
591.143	47.8
590.523	47.7
589.901	47.6
589.281	47.1
588.661	47.7
588.041	48
587.419	46.7
586.799	47.5
586.178	46.4
585.558	47.5
584.937	48.2
584.315	47.6
583.695	47.5
583.074	46.6
582.454	47.1
581.831	46.7
581.211	48.1
580.59	47.4
579.969	46.7
579.347	48.1
578.726	47.7
578.105	48.3
577.482	47.8
576.861	47.3
576.24	47.5
575.619	47.9
574.996	48.1
574.375	46.7
573.753	47.1
573.132	48
572.509	48.2
571.887	47.7
571.266	47.6
570.643	47.6
570.021	46.8
569.399	47.1
568.777	47.5
568.154	47.4
567.532	47.6
566.91	47.2
566.287	47.5
565.665	46.9
565.043	46.4
564.419	48.6
563.797	48.4
563.175	47.8
562.551	46.8
561.929	48
561.306	47.9
560.683	46.1
560.06	47
559.438	46.9
558.813	47.5
558.191	47.3
557.568	47.9
556.944	47.2
556.321	47.2
555.698	47.9
555.074	47.7
554.451	47.7
553.827	48.1
553.204	48.1
552.58	47.1
551.956	47.5
551.333	47.9
550.709	47.8
550.085	47.9
549.461	47.7
548.836	47.5
548.213	46.9
547.589	47
546.964	47.7
546.341	47.5
545.717	48
545.092	47.3
544.468	47.3
543.843	47.9
543.219	46.9
542.594	47.7
541.97	47
541.346	46.9
540.72	47.7
540.096	47.2
539.471	47
538.846	47.4
538.222	47.9
537.596	47.6
536.972	46.9
536.346	47.8
535.722	47.3
535.096	48.2
534.471	47.8
533.845	49
533.22	47.6
532.596	46.8
531.969	48.6
531.344	47.6
530.718	47.3
530.093	47.4
529.467	47.8
528.842	47.9
528.215	47.8
527.59	47.4
526.963	47.4
526.338	47.6
525.711	47.1
525.086	47.3
524.459	47.1
523.834	46.6
523.207	48.8
522.581	47.6
521.956	47.9
521.329	47.4
520.703	48.1
520.076	47.5
519.45	47
518.823	48.4
518.195	47.6
517.569	47.9
516.942	47.3
516.316	47.2
515.688	46.6
515.062	47.1
514.434	48.4
513.808	46.6
513.18	48.5
512.554	46.8
511.926	47.6
511.3	47.1
510.672	46.6
510.045	46.8
509.417	46.8
508.79	47.8
508.162	46.8
507.534	46.6
506.907	47.8
506.279	47.5
505.652	47.3
505.023	48.6
504.396	48.3
503.768	46.8
503.139	48.3
502.512	47
501.883	48
501.256	47.9
500.627	47.8
500	48
499.371	47.6
498.742	47.5
498.114	46.8
497.485	47.1
496.858	47.8
496.228	47.7
495.599	47.5
494.971	47
494.342	47.1
493.714	47.9
493.085	47.4
492.455	48.1
491.827	46.5
491.198	46.4
490.568	47.6
489.94	48.1
489.31	49.4
488.682	47.6
488.052	47
487.422	47.1
486.794	46.8
486.164	47.4
485.534	47.6
484.905	46.7
484.275	47
483.645	47.3
483.016	48
482.385	48.4
481.755	47.7
481.126	47.6
480.496	47.5
479.867	47.7
479.236	47.1
478.606	47
477.975	47.7
477.346	46.7
476.715	47.2
476.084	48
475.455	47.9
474.824	47.9
474.193	47.6
473.563	48
472.932	46.7
472.301	47.6
471.671	47.9
471.04	47.1
470.409	47.4
469.777	47.7
469.147	48.3
468.516	46.5
467.885	47.9
467.254	47.7
466.623	47.1
465.991	47.5
465.359	46.6
464.729	48.1
464.097	48.1
463.466	46.3
462.835	46.3
462.203	48.1
461.571	47.6
460.939	48.6
460.308	47.6
459.676	48
459.044	46.9
458.412	46.7
457.781	47.7
457.149	46.1
456.516	47.2
455.884	47.1
455.253	48.1
454.62	47.1
453.987	47.1
453.355	47.8
452.722	46.7
452.091	47.2
451.458	46.9
450.825	48.4
450.192	48
449.56	48.2
448.927	47
448.294	48.7
447.661	47.7
447.028	48.2
446.396	47.1
445.763	46.5
445.129	48.4
444.496	48.2
443.862	47.8
443.23	47.9
442.597	47.1
441.963	48.4
441.33	47.5
440.696	47
440.062	46.9
439.43	47.9
438.796	47.4
438.162	47.2
437.528	48
436.894	47.2
436.26	47.1
435.627	47.2
434.993	47.6
434.359	47.4
433.724	48.6
433.09	47.3
432.456	48
431.821	47.8
431.188	47
430.553	47.6
429.919	47.5
429.284	46.8
428.649	47.4
428.015	47.7
427.38	48.1
426.746	47.4
426.111	47.7
425.477	47.3
424.841	47.9
424.206	47.8
423.571	47.6
422.936	47
422.301	47.4
421.665	47
421.03	48.4
420.396	47.7
419.761	47.9
419.125	47.2
418.49	47.7
417.854	47.8
417.218	46.8
416.583	46.1
415.947	48.1
415.311	47.3
414.675	47.9
414.039	47.6
413.403	46.6
412.769	47.5
412.133	47.1
411.496	48
410.86	47.2
410.224	48.4
409.588	46.8
408.951	47.8
408.315	47.7
407.679	47.6
407.042	46.9
406.406	47.5
405.769	47.3
405.132	47.9
404.496	47.8
403.859	47.1
403.222	46.7
402.585	48.4
401.948	48
401.311	47.4
400.674	47.3
400.037	47.3
399.4	47.8
398.763	48.1
398.125	46.9
397.488	47.6
396.851	47.3
396.213	46.6
395.576	48.3
394.938	47.1
394.301	47.3
393.663	47.1
393.026	48.1
392.388	46.8
391.75	47.3
391.112	47
390.474	46.8
389.837	47
389.199	47.6
388.561	47.9
387.922	47.7
387.284	47.3
386.646	48.5
386.008	46.7
385.37	47.4
384.731	46.8
384.093	47.3
383.454	46.8
382.816	48.5
382.177	46.7
381.539	47.6
380.9	46.7
380.261	48.2
379.622	48.2
378.982	47.5
378.343	47.1
377.704	47.5
377.065	47.5
376.426	47.5
375.787	47.4
375.148	46.7
374.509	47.4
373.87	48.9
373.23	47.7
372.591	46.5
371.952	47.6
371.312	47.5
370.671	47.7
370.032	48.1
369.392	47.8
368.752	47.4
368.113	47.8
367.473	47.6
366.833	46.4
366.193	48.4
365.553	47.5
364.912	47.2
364.272	47.8
363.632	48.3
362.991	47.5
362.351	46.8
361.711	47.5
361.071	47.6
360.43	48.2
359.788	46.5
359.148	48.3
358.507	48.4
357.867	47.9
357.226	47.4
356.585	47.4
355.943	47.5
355.303	47.3
354.662	47.2
354.021	47.8
353.38	47.5
352.739	47.3
352.098	47.2
351.455	47.6
350.814	46.5
350.173	48.2
349.532	47.2
348.89	46.4
348.247	47.6
347.606	48.6
346.964	48.4
346.323	47.4
345.681	48.1
345.038	47.6
344.397	47.4
343.755	47.9
343.113	48
342.471	47.7
341.828	47.4
341.186	47.5
340.544	47.1
339.902	46.6
339.26	48.2
338.616	48.1
337.974	48.3
337.331	47.5
336.689	48.1
336.045	47.6
335.403	47.2
334.76	47.3
334.118	48.3
333.475	48.1
332.831	48.3
332.188	47.7
331.546	47.1
330.903	47.9
330.258	48.1
329.616	47.8
328.973	47.9
328.33	46.5
327.685	47.2
327.042	48.1
326.399	48.9
325.754	47.6
325.111	47.6
324.467	47.8
323.824	47.2
323.179	47.4
322.535	47.6
321.892	49.1
321.247	47.1
320.603	46.8
319.959	48.1
319.316	48
318.67	48.1
318.026	47.8
317.383	47.5
316.737	48.8
316.093	47.1
315.449	47.9
314.803	46.8
314.159	48.5
313.515	46.8
312.871	47.4
312.225	47.9
311.58	47.6
310.936	47.7
310.29	47.7
309.645	48.8
309.001	47.6
308.354	47.9
307.71	47.2
307.065	47.8
306.419	47.5
305.774	46.9
305.129	47.2
304.482	47.1
303.837	48.5
303.191	48
302.545	48.4
301.9	48.1
301.253	48
300.608	47.8
299.963	47.5
299.316	48.4
298.67	48
298.025	48.4
297.378	49.1
296.732	47.4
296.085	47.8
295.439	48.6
294.793	47.2
294.146	47.3
293.5	47.9
292.853	48.1
292.206	47.5
291.56	47.6
290.913	47.7
290.267	46.8
289.619	47.8
288.973	47.5
288.326	48.7
287.678	46.7
287.032	47.7
286.384	48.1
285.737	47.2
285.091	47.5
284.442	47.5
283.796	48.5
283.147	47
282.501	47.6
281.852	48.5
281.205	48.1
280.557	48.6
279.91	48.4
279.263	47.9
278.614	47.2
277.967	47.5
277.318	48.3
276.671	48.2
276.022	47.9
275.374	49
274.725	48.2
274.078	48.2
273.429	47.9
272.781	47.5
272.133	48.1
271.484	47.7
270.836	47.3
270.187	47.8
269.539	49.2
268.89	48.7
268.242	49.3
267.592	48.2
266.944	48.1
266.294	48.5
265.646	48.4
264.996	48.6
264.348	48.6
263.698	48.8
263.05	47.8
262.4	47.4
261.751	48.7
261.101	47.7
260.452	48.3
259.802	48.3
259.153	48.6
258.503	49
257.854	48.5
257.204	48.9
256.553	49.1
255.904	49.1
255.253	48.6
254.604	48.4
253.954	49.6
253.304	48.5
252.653	49.1
252.004	48.3
251.353	49.7
250.704	49
250.053	49
249.402	49.5
248.752	49.8
248.101	49.5
247.451	48.5
246.8	48.6
246.15	48.2
245.498	48.8
244.848	48.7
244.197	48.3
243.545	48.3
242.895	49.4
242.243	49.1
241.593	48.6
240.941	48.8
240.29	48.1
239.639	48.1
238.987	48.6
238.337	48.4
237.685	48.3
237.032	47.8
236.382	49.1
235.73	48.7
235.079	48.1
234.426	49.5
233.774	48.6
233.123	48
232.471	49.7
231.819	48.4
231.167	48.6
230.514	48.4
229.863	47
229.21	48.3
228.557	48.3
227.906	47.2
227.253	48.8
226.6	49.2
225.948	48.3
225.295	47.8
224.644	48.4
223.99	48.3
223.337	48.3
222.685	48.4
222.032	47.9
221.379	47.6
220.727	47
220.073	47.8
219.419	48.5
218.767	48
218.114	49.9
217.46	47.6
216.807	46.4
216.154	48
215.5	47.6
214.847	48
214.193	47.7
213.539	48
212.885	48.5
212.232	48.1
211.578	48
210.924	48.5
210.271	48.9
209.616	48.5
208.962	48.8
208.309	48.7
207.654	47.3
207	48.1
206.345	49
205.692	48.5
205.037	47.9
204.382	47.6
203.729	48.6
203.074	47.7
202.419	48.6
201.763	47.9
201.11	49.3
200.455	47.9
199.799	48.5
199.144	48.3
198.49	48
197.835	48
197.179	47.5
196.524	48.8
195.87	49.5
195.214	47.6
194.558	48.7
193.903	49.1
193.248	48.6
192.593	49.3
191.937	47.4
191.281	48.2
190.626	48.2
189.97	48.7
189.314	48.2
188.658	48.5
188.002	49.2
187.347	48.2
186.69	48.3
186.034	47.8
185.378	49.3
184.723	48
184.066	48.9
183.409	48.1
182.753	48.9
182.096	47.9
181.441	49.4
180.784	49.3
180.127	49.6
179.47	48.4
178.813	49.4
178.156	49.1
177.5	48.4
176.843	47.6
176.186	48.8
175.529	49.9
174.871	50.5
174.215	50.1
173.558	47.9
172.9	50
172.243	50.4
171.585	49.5
170.928	50.1
170.27	49.4
169.614	50.6
168.956	49.9
168.298	51
167.64	50.8
166.982	47.8
166.324	50.5
165.667	51
165.009	51.4
164.351	49.5
163.693	50.9
163.034	53.3
162.376	51.7
161.717	50.7
161.059	52.2
160.402	51.9
159.743	51.3
159.085	52
158.426	53.3
157.767	52.4
157.108	51.8
156.449	51.8
155.79	52.4
155.131	51.3
154.474	52.8
153.815	53.7
153.156	52.9
152.496	51.9
151.837	52.8
151.178	54
150.518	54.3
149.859	55.6
149.199	53.7
148.54	55.8
147.88	57.1
147.221	57.6
146.562	60.3
145.903	60.7
145.243	62.9
144.583	63.8
143.923	67.7
143.263	68.5
142.603	69.6
141.943	77.6
141.283	79.3
140.622	86.4
139.962	94.8
139.302	93
138.641	101
137.981	91
137.32	85.3
136.66	82
135.999	77.1
135.339	75.1
134.678	71.5
134.017	67.7
133.356	65.8
132.695	67.3
132.034	67.2
131.373	64.9
130.712	68.5
130.053	66.8
129.392	67.8
128.73	68.9
128.069	69.2
127.408	71.1
126.746	71
126.085	71
125.423	72.7
124.762	67.1
124.1	65
123.437	66.4
122.775	64.8
122.113	64.3
121.452	64.6
120.79	64
120.128	62.9
119.466	62.2
118.804	62.7
118.142	61.5
117.479	60.6
116.817	60
116.155	58.9
115.493	61.7
114.83	59.1
114.168	58.2
113.505	60.6
112.843	58.5
112.18	60.4
111.517	59
110.855	57.9
110.192	59.1
109.529	60.1
108.866	59.4
108.203	60.4
107.54	62
106.876	63
106.212	64.2
105.549	63.7
104.886	63.8
104.223	65.5
103.559	69.2
102.896	70.1
102.232	74.5
101.569	78.7
100.905	82.6
100.242	91
99.5781	99.925
98.9128	107.45
98.249	118.775
97.5852	116.2
96.9213	116.825
96.2573	108.05
95.5933	104.675
94.9292	99.3
94.2651	95.3
93.6009	89.2
92.9351	88.8
92.2708	82.1
91.6065	77.3
90.942	74.4
90.2776	70.9
89.613	68.2
88.9484	65.3
88.2838	63.6
87.6176	62.1
86.9528	61.2
86.288	59.4
85.6232	58.5
84.9582	58.6
84.2933	57.2
83.6282	56.3
82.9616	55.7
82.2965	55.4
81.6313	55.1
80.966	53.5
80.3007	54.5
79.6353	54.1
78.9684	53.8
78.3029	53.1
77.6374	52.6
76.9718	52.3
76.3061	51.3
75.6404	51.1
74.9731	51.5
74.3073	51.7
73.6414	50.1
72.9755	51.4
72.3095	50.4
71.6419	50.4
70.9758	51.1
70.3097	50.6
69.6434	50.3
68.9772	51.5
68.3093	50.7
67.6429	50.8
66.9765	50.6
66.31	49.6
65.6434	51.2
64.9753	51.2
64.3086	49.5
63.6419	50.8
62.9751	49.5
62.3068	50.6
61.6399	51.1
60.9729	51.2
60.3059	49.7
59.6388	52
58.9702	50.9
58.303	50.6
57.6358	51.6
56.9685	50
56.2996	51.4
55.6322	50.1
54.9648	50.2
54.2972	49
53.6281	49.7
52.9605	49.5
52.2928	50.2
51.6251	50
50.9558	49.9
50.2879	50
49.62	50.3
48.952	49
48.2825	49.8
47.6144	48.1
46.9462	50.9
46.2765	48.8
45.6083	49.6
44.94	48.7
44.2716	49.8
43.6016	48.4
42.9332	49.1
42.2646	48.5
41.5945	49.9
40.9259	48.4
40.2571	48.5
39.5869	48
38.918	47.8
38.2492	48
37.5802	48.9
36.9097	49.7
36.2407	49.1
35.5715	48.6
34.9009	48.4
34.2316	47.6
33.5624	49
32.8915	49.7
32.2221	49.1
31.5527	48.7
30.8816	49
30.2121	48.5
29.5425	49.2
28.8713	49.2
28.2015	48.2
27.5317	50
26.8604	49.1
26.1905	48.4
25.5205	49
24.849	48.3
24.1789	50.3
23.5088	48.5
22.8371	48.2
22.1668	49.3
21.495	49.5
20.8246	49.2
20.1542	49.5
19.4822	50
18.8117	51.1
18.1411	49.7
17.4689	49.6
16.7982	50.8
16.1259	50.3
15.4551	50.9
14.7843	51
14.1118	50.3
13.4408	52.1
12.7698	52
12.0972	51.7
11.426	52.6
10.7533	51.3
10.082	52.6
9.41065	52.5
8.73774	54.7
8.0663	55.4
7.39328	59.4
6.72172	63.7
6.04858	59.4
5.3769	55.7
4.70517	57
4.03186	60.2
3.36002	68.2
2.68659	100.1
2.01463	226.4
1.34109	596.5
0.669021	1191.2
-0.00310931	1319.9
-0.676821	1546
-1.34907	1126.5
-2.02289	829.8
-2.69525	479.9
-3.36919	258.4
-4.04167	124.2
-4.71573	74.9
-5.38831	63.2
-6.06096	56.7
-6.73519	56.2
-7.40795	53.5
-8.08229	51.4
-8.75517	51.7
-9.42963	49.8
-10.1026	50.9
-10.7772	51
-11.4503	51.5
-12.125	51.7
-12.7982	50.2
-13.473	49.7
-14.1463	50.3
-14.8213	49.6
-15.4947	50
-16.1697	50.4
-16.8433	49.7
-17.5185	48.3
-18.1921	49.1
-18.8674	49.3
-19.5412	49.3
-20.2166	48.5
-20.8905	48.2
-21.566	47.2
-22.24	48.9
-22.9156	48.5
-23.5897	48.7
-24.2655	48.5
-24.9397	49.1
-25.6156	48.2
-26.2899	48.6
-26.9659	48.4
-27.6404	47.4
-28.3164	47.1
-28.991	48.4
-29.6672	47.3
-30.3419	47.5
-31.0182	47.4
-31.6931	47.9
-32.3695	48.5
-33.046	46.8
-33.721	47.5
-34.3976	47.6
-35.0727	48.1
-35.7494	48
-36.4246	47.7
-37.1014	47.4
-37.7768	48.1
-38.4537	48.3
-39.1307	47.6
-39.8062	47.5
-40.4833	47.9
-41.159	46.9
-41.8362	46.9
-42.512	48.2
-43.1893	48
-43.8667	47
-44.5426	48.3
-45.2201	47.5
-45.8962	48
-46.5738	47.2
-47.2515	48.3
-47.9277	47.5
-48.6055	47.9
-49.2818	47.9
-49.9598	47.9
-50.6377	48.1
-51.3142	45.8
-51.9923	47
-52.669	48.3
-53.3472	48.2
-54.0254	47.5
-54.7022	47.3
-55.3806	48.2
-56.0575	48.1
-56.736	47.8
-57.4146	47.9
-58.0917	47.5
-58.7703	47.2
-59.4491	47
-60.1263	48.3
-60.8052	47.9
-61.4841	48.4
-62.1615	47.4
-62.8405	47.5
-63.5181	47.6
-64.1972	46.6
-64.8764	47.6
-65.5541	48.2
-66.2334	47
-66.9128	47.6
-67.5907	47.9
-68.2702	47.8
-68.9497	47.5
-69.6278	47.9
-70.3075	47.4
-70.9872	48
-71.6654	46.9
-72.3453	46.8
-73.0252	48.1
-73.7036	47.1
-74.3836	47.4
-75.0637	48.2
-75.7438	47.6
-76.4224	48
-77.1027	47
-77.783	47.6
-78.4618	46.4
-79.1422	47.2
-79.8227	47.5
-80.5017	46.7
-81.1823	47.5
-81.8629	47.1
-82.5436	46.4
-83.2229	47.2
-83.9037	47
-84.5846	48
-85.264	47.4
-85.945	47.2
-86.626	47.8
-87.3072	46.6
-87.9868	47
-88.668	48.6
-89.3493	47.3
-90.0291	47.4
-90.7105	47.4
-91.392	47.9
-92.0735	47.7
-92.7536	46.8
-93.4352	47.4
-94.1169	47.8
-94.7987	48.4
-95.479	47.5
-96.1609	47
-96.8428	48.3
-97.5248	47
-98.2053	47.8
-98.8874	46.5
-99.5696	47.5
-100.252	47.9
-100.934	47
-101.615	46
-102.297	46.7
-102.98	47.2
-103.662	47.5
-104.343	47.1
-105.026	48.4
-105.709	49
-106.391	46.9
-107.074	47.6
-107.756	48.3
-108.438	47.8
-109.121	46.1
-109.805	46.9
-110.488	46.4
-111.169	48.1
-111.852	47.3
-112.536	46.2
-113.219	46.6
-113.902	48.3
-114.584	47.5
-115.268	46.7
-115.951	47.6
-116.635	48.4
-117.319	47.1
-118.003	47.6
-118.685	48.3
-119.369	46.3
-120.053	47.9
-120.737	48
-121.421	47.3
-122.103	46.9
-122.787	46.8
-123.472	46.7
-124.156	47.7
-124.84	46.3
-125.525	47.3
-126.209	46.8
-126.892	47.4
-127.577	47
-128.261	46.8
-128.946	47.1
-129.631	46.8
-130.316	47.8
-131	47.4
-131.684	47.5
-132.369	47.6
-133.054	47.8
-133.739	47.1
-134.424	47.4
-135.109	47.4
-135.795	48
-136.48	47.6
-137.164	47.4
-137.849	47.7
-138.535	46.9
-139.22	46.5
-139.906	47.1
-140.592	47.3
-141.277	47.7
-141.963	47.3
-142.649	47.6
-143.335	47.5
-144.019	47.3
-144.706	48
-145.392	47.8
-146.078	47
-146.764	47
-147.45	47.4
-148.137	47
-148.823	47.7
-149.509	48.4
-150.196	47
-150.883	47.1
-151.569	48.1
-152.256	46.4
-152.941	46.8
-153.628	47.6
-154.315	46.8
-155.002	46.9
-155.689	46.5
-156.376	47.5
-157.063	47.3
-157.75	46.7
-158.437	47.2
-159.125	47.2
-159.812	47.1
-160.499	47.4
-161.187	47.7
-161.874	47.7
-162.562	47
-163.25	47.4
-163.937	46.7
-164.625	47.3
-165.313	47
-166.001	47.4
-166.689	46.5
-167.377	48.8
-168.065	48.4
-168.753	48.7
-169.441	47.7
-170.129	47.1
-170.818	46
-171.506	47.5
-172.194	48
-172.883	46.3
-173.571	47.4
-174.26	47.6
-174.949	46.5
-175.637	47.1
-176.326	47.5
-177.015	47.4
-177.704	47.9
-178.393	46.7
-179.082	48.4
-179.771	47.3
-180.46	46.5
-181.149	47.1
-181.838	47.9
-182.528	46.9
-183.217	46.9
-183.907	47.8
-184.596	48.1
-185.286	46.2
-185.975	46
-186.665	46.9
-187.355	46.7
-188.044	46.6
-188.734	47
-189.424	46.7
-190.114	47
-190.804	47.3
-191.494	46.2
-192.184	47
-192.876	47
-193.566	47.1
-194.257	46.9
-194.947	46.2
-195.637	47.5
-196.328	47.1
-197.018	47
-197.709	47.5
-198.4	47.8
-199.09	46.2
-199.781	47.6
-200.472	47
-201.163	47.7
-201.856	47.1
-202.547	46.9
-203.238	46.9
-203.929	48.2
-204.62	47.3
-205.311	47.7
-206.003	47.4
-206.694	47.4
-207.386	47.4
-208.077	47.4
-208.77	48.1
-209.462	48
-210.153	47.5
-210.845	47.3
-211.537	47
-212.229	46.8
-212.921	47.5
-213.613	48
-214.305	46.8
-214.999	47.4
-215.691	47
-216.383	47
-217.075	46.3
-217.768	47.2
-218.46	47.4
-219.152	48.1
-219.847	46.9
-220.539	47.8
-221.232	46.7
-221.925	47.9
-222.617	47.6
-223.31	46.3
-224.005	47.2
-224.698	45.9
-225.391	46.7
-226.084	47.5
-226.777	46.8
-227.47	46.7
-228.165	47.2
-228.858	47.8
-229.551	47.5
-230.245	46.4
-230.938	47.3
-231.632	46.7
-232.327	46.9
-233.021	46.6
-233.714	46.8
-234.408	47.7
-235.102	48.3
-235.798	47.6
-236.492	46.1
-237.186	47.8
-237.88	48
-238.574	47.4
-239.27	47.5
-239.964	46.4
-240.658	47.3
-241.353	47.3
-242.047	46.4
-242.743	46.8
-243.438	46.9
-244.132	47.6
-244.827	47.2
-245.523	46.5
-246.218	46.9
-246.913	46.1
-247.608	47.4
-248.303	47.2
-248.999	47.2
-249.695	46.4
-250.39	47.6
-251.085	48
-251.782	47.2
-252.477	47.4
-253.173	47
-253.868	46.7
-254.565	46.6
-255.261	47.8
-255.956	47.3
-256.652	46.8
-257.35	47.4
-258.045	47.1
-258.741	46.3
-259.437	48
-260.135	46.5
-260.831	46.9
-261.527	47
-262.225	47.9
-262.921	46.7
-263.617	48
-264.314	47.7
-265.012	48
-265.708	47.4
-266.405	48.5
-267.103	47.3
-267.8	47.3
-268.496	47.2
-269.193	47.1
-269.892	47.1
-270.589	47.6
-271.286	47.4
-271.984	46.5
-272.681	47.8
-273.378	46.7
-274.077	47.6
-274.775	48.4
-275.472	46.5
-276.171	47.2
-276.868	47.4
-277.566	47.8
-278.263	46.9
-278.963	47
-279.66	47
-280.358	47.6
-281.058	46.6
-281.755	46.7
-282.453	48.3
-283.153	47.5
-283.851	46.6
-284.549	47.4
-285.249	47.4
-285.947	46.5
-286.647	47.1
-287.345	47.1
-288.044	47.7
-288.744	46.9
-289.443	47.1
-290.141	47.6
-290.841	47.6
-291.54	47
-292.239	46.4
-292.939	47.6
-293.638	47
-294.339	47.8
-295.038	47.1
-295.737	47.7
-296.438	46.3
-297.137	47.8
-297.836	48.2
-298.537	47.2
-299.237	46.3
-299.938	46.7
-300.637	46.5
-301.337	47.6
-302.038	47.1
-302.738	48.1
-303.439	45.7
-304.139	47.3
-304.839	48.5
-305.54	46.6
-306.24	47.3
-306.942	46.9
-307.642	47.5
-308.342	47.5
-309.044	47
-309.745	47.4
-310.447	46.3
-311.147	46.3
-311.849	47.5
-312.55	47.2
-313.25	47
-313.953	48.2
-314.653	47.8
-315.356	46.4
-316.057	46.2
-316.759	47.4
-317.46	47.4
-318.161	46.8
-318.864	47.6
-319.565	47.6
-320.268	47.8
-320.969	46.9
-321.672	47.8
-322.373	47.2
-323.077	47.2
-323.778	47.5
-324.481	46.9
-325.183	47.2
-325.885	48.4
-326.588	46.1
-327.29	47.5
-327.993	47.7
-328.695	47.4
-329.399	48
-330.101	47.2
-330.805	47.3
-331.507	47.3
-332.211	46.8
-332.913	46.6
-333.617	46.6
-334.32	47.6
-335.024	47.7
-335.726	46.6
-336.431	47.6
-337.133	47
-337.838	46.3
-338.54	47.6
-339.245	47.8
-339.948	47.4
-340.652	46.9
-341.356	47.3
-342.06	47.4
-342.763	47.8
-343.468	47.6
-344.172	46.9
-344.877	46.7
-345.58	47.7
-346.285	46.9
-346.989	47.6
-347.694	47.1
-348.399	47.5
-349.103	46.2
-349.808	46.9
-350.512	47
-351.218	46.9
-351.922	46.9
-352.627	47
-353.331	47.3
-354.037	48.1
-354.741	48.1
-355.447	47.4
-356.153	47.1
-356.858	47.3
-357.564	47.5
-358.268	48.1
-358.975	47.3
-359.679	47.2
-360.386	47.4
-361.09	46.5
-361.797	46.5
-362.503	47.4
-363.208	46.7
-363.915	47.1
-364.62	47.2
-365.327	47.7
-366.034	47.2
-366.739	47.3
-367.446	47.5
-368.151	47
-368.858	46.4
-369.564	48.2
-370.271	47
-370.978	47.5125
-371.684	47.125
-372.391	46.7375
-373.097	47.75
-373.805	47.1625
-374.512	48.375
-375.218	46.9875
-375.926	47.2
-376.634	47.9
-377.34	46.6
-378.048	46.8
-378.754	46.7
-379.462	46.7
-380.17	47.2
-380.877	46.8
-381.585	47.3
-382.293	47.7
-383	46.7
-383.708	47.3
-384.415	46.4
-385.124	47.3
-385.832	46.8
-386.539	46.8
-387.248	47.1
-387.956	46.6
-388.664	47.4
-389.373	47.3
-390.081	47.9
-390.789	47
-391.498	46.6
-392.207	47.7
-392.915	47.1
-393.624	48.4
-394.333	47.4
-395.041	46.3
-395.75	47.5
-396.46	47.4
-397.168	47.1
-397.877	46.9
-398.587	47.4
-399.295	46.9
-400.005	46.5
-400.715	47
-401.423	47
-402.133	47.6
-402.843	45.8
-403.552	47.1
-404.262	47.3
-404.972	46.8
-405.682	47.6
-406.391	48.1
-407.101	46.7
-407.812	46.6
-408.521	46.6
-409.231	47.2
-409.942	48.5
-410.653	48.3
-411.362	48
-412.073	46.5
-412.784	47.1
-413.493	47
-414.204	47.7
-414.915	47.4
-415.626	47.1
-416.336	47.1
-417.047	47.7
-417.759	47.9
-418.47	48
-419.18	47
-419.891	47.8
-420.603	46.5
-421.313	47.4
-422.025	46.4
-422.737	47.4
-423.448	47.3
-424.159	46.7
-424.871	47.2
-425.583	46.9
-426.295	47.9
-427.007	47
-427.718	47.5
-428.43	47.9
-429.142	47
-429.855	47
-430.566	47.1
-431.278	47.9
-431.991	46.6
-432.703	47.5
-433.414	47.2
-434.127	46.5
-434.84	46.8
-435.553	47
-436.266	47.5
-436.977	46.7
-437.69	46.8
-438.404	46.2
-439.117	48
-439.83	47.9
-440.542	46.8
-441.255	48.1
-441.969	47.4
-442.682	47.1
-443.396	47.1
-444.108	47.1
-444.822	48.1
-445.535	47.3
-446.249	47.3
-446.963	47.7
-447.676	46.7
-448.39	47.8
-449.104	46.6
-449.818	48.2
-450.532	47.6
-451.246	47.7
-451.959	47.6
-452.674	47.5
-453.388	46.2
-454.103	47.9
-454.817	47.2
-455.532	47.9
-456.245	46.6
-456.96	47.2
-457.675	47.4
-458.39	46.2
-459.104	47
-459.82	47.9
-460.535	47.9
-461.248	47.6
-461.963	47.4
-462.679	46.8
-463.394	47.9
-464.109	47.6
-464.825	47.5
-465.541	47.8
-466.255	47.9
-466.97	47.7
-467.686	46.4
-468.402	47.8
-469.118	47.8
-469.833	47.6
-470.549	48.4
-471.266	47.7
-471.982	47.2
-472.696	47.6
-473.412	45.4
-474.129	47.4
-474.845	47.4
-475.562	46.9
-476.278	47.9
-476.995	46.7
-477.711	47.4
-478.428	47.8
-479.145	47.1
-479.86	47.2
-480.577	46.5
-481.294	47.6
-482.011	47.3
-482.728	47
-483.445	47.2
-484.162	46.7
-484.879	47.3
-485.597	46.7
-486.314	47.7
-487.031	46.4
-487.749	47.5
-488.466	46.5
-489.182	47.1
-489.9	47.6
-490.618	47.4
-491.336	47.3
-492.054	47.2
-492.771	47.9
-493.489	46.5
-494.208	46.7
-494.926	47.9
-495.644	46.6
-496.362	47.5
-497.08	47.8
-497.799	47.5
-498.517	46.6
-499.236	46.8
-499.954	46.8
-500.673	46.3
-501.392	47.6
-502.11	47.8
-502.829	47.1
-503.548	48
-504.267	46.6
-504.986	47.1
-505.705	46.8
-506.424	48
-507.144	47
-507.863	47.1
-508.581	47.6
-509.3	46.7
-510.019	47.4
-510.739	46.8
-511.459	48.1
-512.178	46.7
-512.898	47.6
-513.618	47.3
-514.338	47.3
-515.057	47.1
-515.779	47.9
-516.499	47.9
-517.219	48.1
-517.939	47.6
-518.66	46.7
-519.38	46.4
-520.1	46.7
-520.821	47
-521.541	46.7
-522.262	47.5
-522.982	47
-523.703	47.3
-524.424	47.4
-525.144	46.7
-525.865	46.6
-526.586	47.3
-527.307	47.2
-528.028	48.1
-528.749	47.8
-529.471	46.8
-530.192	46.8
-530.913	47.8
-531.635	47.2
-532.356	47.9
-533.077	46.9
-533.799	47.6
-534.521	47.4
-535.244	47.6
-535.966	47.9
-536.688	47.3
-537.409	47.1
-538.131	47
-538.853	46.9
-539.575	47.3
-540.298	47.2
-541.02	46.5
-541.742	47.8
-542.464	46.7
-543.187	47.1
-543.909	46.6
-544.633	46.7
-545.356	46.3
-546.079	48
-546.801	47.4
-547.524	47.7
-548.247	48.2
-548.97	46.5
-549.693	47.8
-550.416	47.2
-551.139	46.6
-551.864	46.6
-552.587	47.6
-553.31	46.7
-554.034	46.9
-554.757	47.1
-555.48	46.6
-556.204	47.1
-556.928	47.5
-557.651	46.9
-558.377	46.9
-559.1	47.3
-559.824	48
-560.548	46.8
-561.272	47.4
-561.996	46.9
-562.72	47.2
-563.446	46.5
-564.17	47
-564.895	47.7
-565.619	46.5
-566.344	47.8
-567.068	46.8
-567.793	48.2
-568.519	47.2
-569.244	46.4
-569.968	47.6
-570.693	46.7
-571.418	47
-572.143	46.7
-572.87	47.7
-573.595	47.7
-574.32	46.3
-575.045	47
-575.77	47.1
-576.496	47.1
-577.223	47.1
-577.948	47.4
-578.674	46.5
-579.399	47.1
-580.125	46.9
-580.851	47.2
-581.578	48
-582.304	47.8
-583.03	47.5
-583.756	46.8
-584.482	47.4
-585.21	48.1
-585.936	47.6
-586.662	47.4
-587.388	47
-588.115	47.1
-588.843	46.9
-589.569	47.2
-590.296	47.2
-591.023	48.3
-591.749	47.8
-592.478	47.6
-593.205	47.5
-593.931	47.1
-594.658	46.5
-595.387	46.9
-596.114	47.2
-596.841	46.4
-597.568	47.2
-598.297	46.7
-599.025	46.7
-599.752	47.5
-600.48	47.8
-601.207	47.1
-601.936	47.2
-602.664	47.2
-603.392	47.7
-604.119	48.2
-604.849	47.4
-605.577	47.6
-606.305	46.8
-607.033	47.5
-607.763	48.4
-608.491	47
-609.219	46.5
-609.949	46.8
-610.677	47.5
-611.406	47.5
-612.134	47.6
-612.865	46.9
-613.593	47.4
-614.322	47.4
-615.051	47.7
-615.781	47.8
-616.51	47.6
-617.239	47.1
-617.97	46.4
-618.699	47.3
-619.428	47.2
-620.157	47.4
-620.888	47.6
-621.617	47.2
-622.347	47
-623.078	47
-623.807	47.4
-624.537	47.5
-625.268	46.8
-625.998	48.4
-626.728	46.9
-627.458	47.6
-628.189	46.7
-628.919	46.4
-629.649	48.5
-630.381	47.7
-631.111	46.4
-631.841	47.8
-632.573	47.1
-633.304	46.8
-634.034	47.5
-634.766	47.4
-635.497	47.4
-636.228	46.7
-636.96	47.6
-637.691	46.5
-638.422	47
-639.154	48
-639.885	47.4
-640.616	47
-641.349	47
-642.08	47.6
-642.811	46.5
-643.544	46.3
-644.276	47
-645.007	48.3
-645.74	47.8
-646.472	47.3
-647.205	48
-647.937	48.1
-648.668	46.8
-649.402	46.7
-650.134	46.8
-650.866	47
-651.599	46.9
-652.331	47
-653.065	47.8
-653.797	47.2
-654.53	48.1
-655.264	48.1
-655.996	48.2
-656.728	47.5
-657.463	47.3
-658.195	47.2
-658.93	47
-659.662	46.5
-660.395	47.3
-661.13	47.3
-661.862	47.6
-662.597	47.3
-663.33	47.2
-664.063	47
-664.798	48.3
-665.531	47.5
-666.266	47.9
-667	47.4
-667.733	47.2
-668.468	47.5
-669.202	47.6
-669.937	47.3
-670.671	47.8
-671.406	47.7
-672.14	47.3
-672.874	46.9
-673.61	47
-674.344	46.6
-675.079	47.6
-675.814	47
-676.549	46.9
-677.284	46.1
-678.018	47.7
-678.754	46.9
-679.489	47.1
-680.225	48.3
-680.959	47.6
-681.696	47.2
-682.431	47.4
-683.167	47.7
-683.902	46.8
-684.639	47.8
-685.374	47.1
-686.109	46.7
-686.845	47.4
-687.581	47.6
-688.318	47.4
-689.053	47.6
-689.79	46.8
-690.525	47.3
-691.263	47.9
-691.998	47.1
-692.736	47.5
-693.471	47.1
-694.209	47.2
-694.945	47.7
-695.682	47
-696.418	47.8
-697.156	48.3
-697.892	47.3
-698.63	47.4
-699.366	47.1
-700.104	47.4
-700.841	48.1
-701.579	46.3
-702.315	47.3
-703.054	47.7
-703.79	47.9
-704.529	47.6
-705.265	47.7
-706.004	47.8
-706.741	47.5
-707.479	48.1
-708.216	48.3
-708.955	47.2
-709.692	47
-710.431	48.5
-711.169	47.5
-711.908	48.2
-712.645	47.3
-713.384	47
-714.122	46.5
-714.861	47.4
-715.601	47.2
-716.338	48.2
-717.078	47.1
-717.816	48
-718.555	48.1
-719.294	47
-720.033	47.9
-720.771	47.5
-721.511	46.7
-722.25	47.5
-722.99	47
