657.203	62
656.588	52.25
655.974	63
655.359	60
654.744	57.5
654.129	56.375
653.516	61.75
652.901	58.125
652.286	57.5
651.671	55.875
651.056	59.375
650.44	57.875
649.825	56.5
649.21	57.375
648.595	59.125
647.979	59.375
647.364	58.875
646.749	58.25
646.133	61.5
645.518	56.75
644.902	58.5
644.286	57.5
643.671	56.625
643.055	56.75
642.439	58.25
641.823	59.625
641.207	62.625
640.591	59.375
639.976	60.25
639.359	58.5
638.743	57.875
638.127	55.375
637.511	56.25
636.895	59.375
636.279	57.75
635.662	56.875
635.046	57.25
634.429	57.25
633.813	58.5
633.196	59.375
632.58	59.625
631.963	59
631.346	60.25
630.73	58.5
630.113	59.375
629.496	59.625
628.879	57.75
628.262	56.875
627.645	57.5
627.027	56.375
626.41	56.25
625.793	60.625
625.175	58.875
624.558	58.375
623.941	57.125
623.324	59.875
622.706	59
622.089	57.5
621.471	56.875
620.854	56.875
620.236	57.625
619.618	58.25
619.001	56.875
618.382	57.375
617.764	59
617.146	56.625
616.528	53.625
615.91	56.375
615.292	58.75
614.674	60.375
614.056	57.5
613.438	56.625
612.818	55.25
612.2	57.875
611.582	57.75
610.963	57.25
610.345	55
609.727	57.375
609.108	58.625
608.489	56.375
607.869	55.25
607.251	57.5
606.632	56.125
606.013	57
605.395	57.625
604.776	59.375
604.157	59.25
603.536	58.125
602.917	58.25
602.298	59
601.679	59.75
601.06	57.125
600.441	57.375
599.82	58
599.201	57.625
598.582	59.75
597.962	58
597.343	59.125
596.723	57.75
596.102	57.625
595.483	57.875
594.863	57.5
594.243	57.875
593.624	59.375
593.002	57.375
592.382	57.125
591.763	59.125
591.143	58
590.523	58.75
589.901	59.875
589.281	58
588.661	56.5
588.041	59.75
587.419	60.5
586.799	57.625
586.178	60.75
585.558	60.125
584.937	58
584.315	59.625
583.695	56.75
583.074	57.25
582.454	57.25
581.831	58.5
581.211	57
580.59	59.375
579.969	57.625
579.347	57.25
578.726	58.5
578.105	58
577.482	58.875
576.861	57.5
576.24	59.75
575.619	59.25
574.996	56.875
574.375	58
573.753	55.125
573.132	55.625
572.509	55.5
571.887	58.625
571.266	56.125
570.643	57.75
570.021	57.25
569.399	55.625
568.777	57.25
568.154	55
567.532	58.625
566.91	58.25
566.287	56.375
565.665	59.5
565.043	56.75
564.419	57.5
563.797	54.25
563.175	59.25
562.551	60.5
561.929	57.75
561.306	55.625
560.683	56.125
560.06	58
559.438	58.625
558.813	56
558.191	59.5
557.568	55.875
556.944	59.375
556.321	56.875
555.698	57.5
555.074	59.875
554.451	57.125
553.827	56
553.204	59.75
552.58	60.25
551.956	58.375
551.333	58.75
550.709	60.875
550.085	59.625
549.461	59.375
548.836	58.25
548.213	58.625
547.589	58.875
546.964	58.875
546.341	58
545.717	56.875
545.092	58.75
544.468	59.375
543.843	56.75
543.219	57.75
542.594	55.125
541.97	61
541.346	57.875
540.72	58.625
540.096	59.375
539.471	58.25
538.846	57.25
538.222	57.75
537.596	56
536.972	58.75
536.346	60.125
535.722	57
535.096	57.625
534.471	58.5
533.845	54.5
533.22	58
532.596	57.5
531.969	57.5
531.344	60.25
530.718	59.75
530.093	56.625
529.467	57.5
528.842	59.125
528.215	59.25
527.59	58.5
526.963	56.75
526.338	56.625
525.711	58.375
525.086	59
524.459	57.75
523.834	58.625
523.207	57.875
522.581	56
521.956	59.25
521.329	59.375
520.703	58.625
520.076	57.375
519.45	58
518.823	58.25
518.195	59.875
517.569	59.625
516.942	58.75
516.316	59.125
515.688	57.875
515.062	55.875
514.434	56.5
513.808	58
513.18	57.375
512.554	59.5
511.926	60.125
511.3	59.875
510.672	58.625
510.045	57.875
509.417	57
508.79	60.125
508.162	58
507.534	58.375
506.907	59.875
506.279	59
505.652	58.125
505.023	57
504.396	58.375
503.768	58
503.139	57.75
502.512	54.875
501.883	56.75
501.256	61
500.627	59.125
500	59
499.371	60.125
498.742	59.5
498.114	56.375
497.485	58.75
496.858	58.875
496.228	58.5
495.599	57.125
494.971	58.5
494.342	58.375
493.714	59.5
493.085	58.125
492.455	58.125
491.827	60.5
491.198	58.5
490.568	58.25
489.94	58.625
489.31	57.75
488.682	55.75
488.052	57.125
487.422	57
486.794	58.625
486.164	56.75
485.534	59.75
484.905	57.625
484.275	55.625
483.645	59.375
483.016	58.25
482.385	54.875
481.755	58.75
481.126	56.75
480.496	58.375
479.867	57.375
479.236	55.875
478.606	60.25
477.975	57.5
477.346	59.75
476.715	59.5
476.084	57.625
475.455	59.875
474.824	59.125
474.193	58.375
473.563	58
472.932	57.75
472.301	58.375
471.671	57.375
471.04	57.125
470.409	58.625
469.777	56.875
469.147	58.25
468.516	59.375
467.885	58
467.254	60.25
466.623	58.875
465.991	59.5
465.359	59
464.729	57.75
464.097	58.75
463.466	56.25
462.835	57.625
462.203	58.25
461.571	57.875
460.939	57.5
460.308	58.5
459.676	57.5
459.044	58.75
458.412	57.75
457.781	58.875
457.149	57
456.516	60.375
455.884	59.75
455.253	58.875
454.62	59.75
453.987	58.75
453.355	59.5
452.722	59.625
452.091	57.875
451.458	57.75
450.825	57
450.192	58.75
449.56	57
448.927	58.125
448.294	59.625
447.661	60.875
447.028	60.25
446.396	58.25
445.763	59.625
445.129	60.25
444.496	59.625
443.862	56.5
443.23	58.25
442.597	59.25
441.963	57.5
441.33	59.625
440.696	57.875
440.062	57.125
439.43	57.625
438.796	58
438.162	57
437.528	59.625
436.894	57.5
436.26	61.25
435.627	59.625
434.993	58.75
434.359	56.875
433.724	62.25
433.09	57.5
432.456	57.375
431.821	58.875
431.188	59.5
430.553	57.75
429.919	59.75
429.284	57
428.649	59.625
428.015	56.75
427.38	58
426.746	57.375
426.111	57.75
425.477	58.75
424.841	58.625
424.206	56.25
423.571	57.25
422.936	58.125
422.301	58.125
421.665	60.375
421.03	55.125
420.396	56.75
419.761	59.25
419.125	59.625
418.49	61.125
417.854	59.75
417.218	58.625
416.583	57.5
415.947	60.25
415.311	61.125
414.675	59.375
414.039	58.875
413.403	57.875
412.769	59.625
412.133	60.75
411.496	57.25
410.86	56.75
410.224	60
409.588	60.125
408.951	57
408.315	57
407.679	62.125
407.042	58.75
406.406	59.75
405.769	58.375
405.132	56.625
404.496	59
403.859	59.625
403.222	58
402.585	57
401.948	59.625
401.311	60.75
400.674	59.375
400.037	59.625
399.4	61.375
398.763	56.75
398.125	55.5
397.488	58.375
396.851	59.75
396.213	56.875
395.576	60.625
394.938	60.375
394.301	61.125
393.663	59.125
393.026	58
392.388	57.75
391.75	58
391.112	59.25
390.474	58.75
389.837	59.5
389.199	58.875
388.561	57.875
387.922	58.75
387.284	57.5
386.646	58.5
386.008	59.625
385.37	58
384.731	59.125
384.093	58
383.454	59.125
382.816	59.25
382.177	57.125
381.539	58.5
380.9	59.625
380.261	60.375
379.622	59.625
378.982	60.125
378.343	60.375
377.704	58.5
377.065	60.375
376.426	61.875
375.787	62
375.148	60.75
374.509	58.375
373.87	57.25
373.23	58.375
372.591	59.875
371.952	57.5
371.312	59.875
370.671	59
370.032	57.875
369.392	60.5
368.752	60.5
368.113	59.875
367.473	58.375
366.833	57.625
366.193	60.5
365.553	62.625
364.912	58.5
364.272	60.5
363.632	58.125
362.991	63.125
362.351	60.75
361.711	60.25
361.071	59.5
360.43	60.625
359.788	61.5
359.148	58.625
358.507	57.5
357.867	63.25
357.226	58.625
356.585	59.625
355.943	58.125
355.303	61.375
354.662	61.375
354.021	61.75
353.38	60.75
352.739	62.5
352.098	63.625
351.455	61.25
350.814	60.25
350.173	62.375
349.532	61.625
348.89	58.25
348.247	59
347.606	63.375
346.964	61.625
346.323	63.625
345.681	61.5
345.038	63.125
344.397	62.75
343.755	63.375
343.113	59
342.471	61.5
341.828	61
341.186	59.375
340.544	61.75
339.902	60.125
339.26	61
338.616	61.125
337.974	64
337.331	60.125
336.689	61.75
336.045	62.5
335.403	61
334.76	63.125
334.118	62.5
333.475	59.875
332.831	63.125
332.188	61.875
331.546	64.25
330.903	60.75
330.258	62.125
329.616	60.25
328.973	59.125
328.33	63.875
327.685	63
327.042	63.5
326.399	59.75
325.754	63.75
325.111	60.75
324.467	61.5
323.824	60.5
323.179	62.25
322.535	62.125
321.892	61.625
321.247	62.5
320.603	62.625
319.959	63.125
319.316	64.625
318.67	64.125
318.026	63.75
317.383	62.375
316.737	62.125
316.093	64
315.449	62.375
314.803	62.625
314.159	62.875
313.515	63.875
312.871	60.5
312.225	63.875
311.58	64.5
310.936	62.875
310.29	65
309.645	60.875
309.001	61.125
308.354	65.25
307.71	63.25
307.065	64.375
306.419	63.25
305.774	64.875
305.129	61.25
304.482	64.25
303.837	64.125
303.191	68.75
302.545	65.5
301.9	66.375
301.253	65.25
300.608	64.375
299.963	67
299.316	64.75
298.67	63.875
298.025	67.75
297.378	68.75
296.732	66.625
296.085	65.25
295.439	71.75
294.793	66.375
294.146	66.25
293.5	64.5
292.853	64.5
292.206	64.75
291.56	67.25
290.913	66.875
290.267	68.25
289.619	64
288.973	69.75
288.326	64.375
287.678	64.875
287.032	68.5
286.384	72.875
285.737	70.25
285.091	67.75
284.442	67.625
283.796	70.375
283.147	68.125
282.501	68.25
281.852	69.125
281.205	66.625
280.557	68.5
279.91	68.125
279.263	67.875
278.614	69.25
277.967	68.5
277.318	69.625
276.671	68.375
276.022	70.125
275.374	70.75
274.725	71.125
274.078	72.5
273.429	70.5
272.781	69.5
272.133	72.875
271.484	69.5
270.836	73.25
270.187	69.375
269.539	70.875
268.89	74.125
268.242	72.875
267.592	73
266.944	72.5
266.294	71.125
265.646	71.625
264.996	74.125
264.348	71.5
263.698	73
263.05	74.875
262.4	72.75
261.751	72.75
261.101	74.5
260.452	76.75
259.802	77.625
259.153	76.75
258.503	75.375
257.854	77.75
257.204	76.625
256.553	75
255.904	79
255.253	81.25
254.604	77.25
253.954	79
253.304	81.375
252.653	84.75
252.004	80.375
251.353	81.375
250.704	81
250.053	81.75
249.402	83.25
248.752	82.375
248.101	83.875
247.451	80.25
246.8	85.75
246.15	81.75
245.498	81.25
244.848	82.625
244.197	82.375
243.545	82.625
242.895	83.25
242.243	78.875
241.593	82.375
240.941	80.125
240.29	81.125
239.639	83.875
238.987	84.5
238.337	81.625
237.685	82.5
237.032	80.75
236.382	81.5
235.73	78.375
235.079	81.375
234.426	79.875
233.774	76.875
233.123	82.125
232.471	79.75
231.819	80.375
231.167	78.5
230.514	79.375
229.863	78.375
229.21	80.75
228.557	79.625
227.906	79.625
227.253	76.625
226.6	77.75
225.948	81.625
225.295	83.375
224.644	77.625
223.99	77.25
223.337	78.75
222.685	79.25
222.032	76.625
221.379	82.125
220.727	81.625
220.073	78.625
219.419	83.375
218.767	78.125
218.114	80.875
217.46	80.25
216.807	83.25
216.154	82
215.5	80.375
214.847	77.625
214.193	78.75
213.539	78.875
212.885	77.375
212.232	76.625
211.578	79.125
210.924	79.75
210.271	81.75
209.616	80.125
208.962	77.75
208.309	77
207.654	82.125
207	82
206.345	80.625
205.692	81.25
205.037	78.25
204.382	79.125
203.729	78.75
203.074	77.25
202.419	79.25
201.763	79.75
201.11	80.625
200.455	81
199.799	74.875
199.144	81.25
198.49	83.375
197.835	85.125
197.179	80.25
196.524	81.5
195.87	81.875
195.214	85.25
194.558	80.625
193.903	82.875
193.248	85.25
192.593	80.5
191.937	85.5
191.281	82.125
190.626	81.625
189.97	86
189.314	84.75
188.658	87.125
188.002	83
187.347	84.75
186.69	87.625
186.034	88.25
185.378	89.875
184.723	86.125
184.066	90.375
183.409	92.625
182.753	97.875
182.096	88.75
181.441	91.125
180.784	93.625
180.127	93.125
179.47	101
178.813	97.75
178.156	102.375
177.5	97.625
176.843	96.625
176.186	99.75
175.529	107.5
174.871	104.875
174.215	100.625
173.558	104.75
172.9	109.625
172.243	109.625
171.585	110.125
170.928	110.125
170.27	111
169.614	114
168.956	109.75
168.298	112.375
167.64	113
166.982	115
166.324	120.5
165.667	121.875
165.009	118.25
164.351	122.25
163.693	125.75
163.034	118.5
162.376	130.25
161.717	125
161.059	130.625
160.402	134.5
159.743	129.125
159.085	133.375
158.426	134.75
157.767	138.25
157.108	138.875
156.449	141.125
155.79	140.625
155.131	147.625
154.474	143.375
153.815	155
153.156	159.25
152.496	160.375
151.837	153.875
151.178	159.25
150.518	167.875
149.859	180.5
149.199	183.375
148.54	185
147.88	202.375
147.221	204
146.562	220.125
145.903	230
145.243	251
144.583	264.875
143.923	295.375
143.263	306
142.603	342.25
141.943	364.375
141.283	414
140.622	472.625
139.962	522.375
139.302	600.25
138.641	656.5
137.981	710.375
137.32	723.25
136.66	697.75
135.999	652.875
135.339	615.25
134.678	588.625
134.017	546.625
133.356	533.25
132.695	507.75
132.034	492.875
131.373	484.25
130.712	492.75
130.053	483.375
129.392	490.375
128.73	477.125
128.069	487.953
127.408	473.406
126.746	494.484
126.085	476.437
125.423	475.516
124.762	454.594
124.1	450.672
123.437	427.75
122.775	407.125
122.113	388.375
121.452	378.25
120.79	380.25
120.128	362
119.466	358.875
118.804	350.25
118.142	333.625
117.479	330.875
116.817	323.875
116.155	315.25
115.493	315.625
114.83	315.375
114.168	301.5
113.505	309.75
112.843	299.875
112.18	293.75
111.517	303.625
110.855	298.125
110.192	312.125
109.529	316
108.866	312.375
108.203	317.875
107.54	338.5
106.876	343.5
106.212	340.125
105.549	373.5
104.886	379.5
104.223	397.625
103.559	430.625
102.896	460.875
102.232	514.625
101.569	567.25
100.905	664
100.242	763.25
99.5781	895.625
98.9128	998
98.249	1114.75
97.5852	1152.75
96.9213	1153.88
96.2573	1131.25
95.5933	1060.75
94.9292	1020.63
94.2651	989.125
93.6009	960.875
92.9351	887.625
92.2708	828.25
91.6065	779.5
90.942	724.75
90.2776	665.375
89.613	608
88.9484	559.25
88.2838	510.625
87.6176	489.625
86.9528	460
86.288	423.75
85.6232	419.875
84.9582	387.625
84.2933	363.125
83.6282	349.25
82.9616	336
82.2965	320.25
81.6313	307
80.966	298.75
80.3007	279.875
79.6353	273.75
78.9684	257.375
78.3029	251.5
77.6374	239.75
76.9718	241.75
76.3061	231.125
75.6404	220.25
74.9731	211.625
74.3073	206.75
73.6414	206.75
72.9755	199.875
72.3095	202.75
71.6419	196.875
70.9758	190
70.3097	191.625
69.6434	189.5
68.9772	186.75
68.3093	181.75
67.6429	190.75
66.9765	185.375
66.31	174.625
65.6434	181.469
64.9753	177.563
64.3086	181.031
63.6419	179.625
62.9751	176.594
62.3068	179.688
61.6399	178.156
60.9729	169.375
60.3059	175.25
59.6388	172.5
58.9702	180.125
58.303	167.125
57.6358	161.875
56.9685	159.125
56.2996	155.25
55.6322	153.625
54.9648	156.125
54.2972	153
53.6281	156.875
52.9605	144.625
52.2928	148.625
51.6251	150.25
50.9558	147
50.2879	149.125
49.62	148.625
48.952	141.875
48.2825	142.125
47.6144	142.25
46.9462	141.375
46.2765	138.5
45.6083	138.875
44.94	135
44.2716	136.25
43.6016	145.125
42.9332	133.625
42.2646	132.625
41.5945	134.375
40.9259	136.375
40.2571	130.75
39.5869	134.75
38.918	135.875
38.2492	138.125
37.5802	141.375
36.9097	138.5
36.2407	131.25
35.5715	130.5
34.9009	137.75
34.2316	132.75
33.5624	141.125
32.8915	134.25
32.2221	144.375
31.5527	144.375
30.8816	143.875
30.2121	139.625
29.5425	138.625
28.8713	151.125
28.2015	144
27.5317	146.125
26.8604	146.875
26.1905	149.5
25.5205	149.75
24.849	157.875
24.1789	158
23.5088	164.875
22.8371	169.375
22.1668	170.625
21.495	170.375
20.8246	177.625
20.1542	193
19.4822	208
18.8117	214
18.1411	206.75
17.4689	219.5
16.7982	228.25
16.1259	240.125
15.4551	255.5
14.7843	266.25
14.1118	296.375
13.4408	309.625
12.7698	314
12.0972	331.125
11.426	348.75
10.7533	346.625
10.082	368.875
9.41065	385.125
8.73774	398.5
8.0663	445.875
7.39328	506.875
6.72172	570.75
6.04858	548.875
5.3769	500.875
4.70517	485.625
4.03186	487
3.36002	584.25
2.68659	1052.38
2.01463	3231.25
1.34109	10975.5
0.669021	31555.8
-0.00310931	61122.5
-0.676821	64433.9
-1.34907	29716.3
-2.02289	13346.6
-2.69525	5816.13
-3.36919	2658.87
-4.04167	1444.12
-4.71573	955.625
-5.38831	745
-6.06096	618.75
-6.73519	537
-7.40795	475.25
-8.08229	433.75
-8.75517	397.875
-9.42963	357.75
-10.1026	342.875
-10.7772	306.5
-11.4503	298.875
-12.125	278.25
-12.7982	266.875
-13.473	245.5
-14.1463	242
-14.8213	227.75
-15.4947	225.125
-16.1697	208.625
-16.8433	207.375
-17.5185	189.75
-18.1921	181.375
-18.8674	175
-19.5412	171.125
-20.2166	166.625
-20.8905	155.75
-21.566	158.375
-22.24	153
-22.9156	148.625
-23.5897	145.875
-24.2655	140.625
-24.9397	137.875
-25.6156	138.375
-26.2899	132.625
-26.9659	131
-27.6404	130.875
-28.3164	130.875
-28.991	126.125
-29.6672	125.375
-30.3419	122.375
-31.0182	127.375
-31.6931	121.375
-32.3695	121.75
-33.046	118.5
-33.721	119
-34.3976	114
-35.0727	116.75
-35.7494	125.125
-36.4246	115.125
-37.1014	115
-37.7768	108.75
-38.4537	110.5
-39.1307	110
-39.8062	116.5
-40.4833	115.5
-41.159	109.75
-41.8362	111.875
-42.512	105.375
-43.1893	108.5
-43.8667	108.125
-44.5426	113.875
-45.2201	105.375
-45.8962	108.75
-46.5738	113
-47.2515	106.5
-47.9277	112
-48.6055	110.875
-49.2818	105.625
-49.9598	110.875
-50.6377	113.75
-51.3142	109.125
-51.9923	109.625
-52.669	110
-53.3472	111.625
-54.0254	108.25
-54.7022	114.5
-55.3806	113.625
-56.0575	110.375
-56.736	115.25
-57.4146	111.375
-58.0917	113.5
-58.7703	118.875
-59.4491	118.875
-60.1263	115.125
-60.8052	121.125
-61.4841	112.125
-62.1615	118.625
-62.8405	111
-63.5181	119
-64.1972	119.875
-64.8764	118.5
-65.5541	118.25
-66.2334	121.625
-66.9128	115.75
-67.5907	118.75
-68.2702	122.25
-68.9497	117
-69.6278	119.5
-70.3075	118.625
-70.9872	116.125
-71.6654	123.375
-72.3453	127.625
-73.0252	121
-73.7036	125.5
-74.3836	119.75
-75.0637	123
-75.7438	128.625
-76.4224	126.75
-77.1027	134.875
-77.783	129.625
-78.4618	137.375
-79.1422	141.5
-79.8227	139.125
-80.5017	145.875
-81.1823	149.625
-81.8629	154.625
-82.5436	155.875
-83.2229	160.5
-83.9037	161
-84.5846	169.625
-85.264	174.25
-85.945	180
-86.626	176.75
-87.3072	190.625
-87.9868	195.5
-88.668	197.125
-89.3493	210
-90.0291	213.375
-90.7105	227.25
-91.392	237.875
-92.0735	251.125
-92.7536	257
-93.4352	270.625
-94.1169	271.625
-94.7987	290.125
-95.479	286.875
-96.1609	294.5
-96.8428	309.875
-97.5248	301.375
-98.2053	301.5
-98.8874	292.875
-99.5696	280.125
-100.252	255.625
-100.934	233.5
-101.615	217.375
-102.297	189.25
-102.98	167.875
-103.662	163.375
-104.343	148.875
-105.026	150.875
-105.709	143.625
-106.391	133.25
-107.074	133.5
-107.756	131
-108.438	126.375
-109.121	124
-109.805	121.375
-110.488	124.625
-111.169	118.625
-111.852	119.375
-112.536	119.625
-113.219	115.5
-113.902	119.125
-114.584	119.875
-115.268	120.125
-115.951	122.875
-116.635	119.125
-117.319	118
-118.003	121.875
-118.685	121.125
-119.369	117
-120.053	126.875
-120.737	125.875
-121.421	127.875
-122.103	128.375
-122.787	134.625
-123.472	135.125
-124.156	135.125
-124.84	139
-125.525	142.375
-126.209	143.25
-126.892	141.875
-127.577	140.25
-128.261	134.5
-128.946	134.125
-129.631	138.25
-130.316	138.875
-131	128.25
-131.684	134.875
-132.369	128.375
-133.054	128.625
-133.739	124.125
-134.424	127.625
-135.109	124.375
-135.795	126.375
-136.48	123.375
-137.164	132.25
-137.849	125.125
-138.535	126.125
-139.22	125.125
-139.906	121.25
-140.592	109.625
-141.277	105.125
-141.963	96.25
-142.649	96.125
-143.335	98
-144.019	94
-144.706	86.625
-145.392	83.25
-146.078	80.25
-146.764	78.875
-147.45	82.625
-148.137	77.75
-148.823	74.875
-149.509	76.125
-150.196	74.5
-150.883	76
-151.569	73.125
-152.256	69
-152.941	72.875
-153.628	73.25
-154.315	68.625
-155.002	67.25
-155.689	70.25
-156.376	69.5
-157.063	68.625
-157.75	69.625
-158.437	66.125
-159.125	67.5
-159.812	64.375
-160.499	64.5
-161.187	65.25
-161.874	66.625
-162.562	63.125
-163.25	65.5
-163.937	65.75
-164.625	64.375
-165.313	65.125
-166.001	63.375
-166.689	64.375
-167.377	62
-168.065	66.25
-168.753	62
-169.441	60.5
-170.129	63.25
-170.818	62.25
-171.506	60.25
-172.194	58.875
-172.883	62.125
-173.571	59
-174.26	58.125
-174.949	59.375
-175.637	60.5
-176.326	60
-177.015	57.875
-177.704	56.5
-178.393	58.375
-179.082	55.625
-179.771	61.125
-180.46	58.875
-181.149	61.375
-181.838	58.625
-182.528	59.875
-183.217	56.875
-183.907	57.5
-184.596	56.5
-185.286	55.125
-185.975	57.875
-186.665	56.375
-187.355	56.375
-188.044	56.625
-188.734	58.5
-189.424	56.625
-190.114	55.75
-190.804	57.5
-191.494	57.25
-192.184	54.875
-192.876	56.625
-193.566	55.125
-194.257	55
-194.947	55.125
-195.637	55.75
-196.328	52.875
-197.018	55.625
-197.709	53.125
-198.4	55.375
-199.09	54.75
-199.781	55.5
-200.472	52.875
-201.163	52.75
-201.856	52.25
-202.547	53.125
-203.238	53.375
-203.929	55.5
-204.62	54.125
-205.311	54.625
-206.003	55.125
-206.694	53.25
-207.386	56.25
-208.077	54
-208.77	53.625
-209.462	51.875
-210.153	53.75
-210.845	51.875
-211.537	51.5
-212.229	53.875
-212.921	53.875
-213.613	53.75
-214.305	52
-214.999	54.875
-215.691	51.625
-216.383	54
-217.075	51.125
-217.768	53.875
-218.46	53.5
-219.152	56.125
-219.847	52.25
-220.539	53.625
-221.232	54.125
-221.925	53
-222.617	52.5
-223.31	53
-224.005	52.875
-224.698	53.625
-225.391	53.375
-226.084	51.75
-226.777	54.25
-227.47	52.625
-228.165	51.625
-228.858	52.875
-229.551	51.875
-230.245	50.5
-230.938	51.875
-231.632	52.875
-232.327	51.125
-233.021	53.375
-233.714	52.5
-234.408	51.75
-235.102	51.5
-235.798	51.25
-236.492	53.75
-237.186	53.125
-237.88	52.5
-238.574	52.875
-239.27	51.5
-239.964	50.75
-240.658	53.75
-241.353	51.25
-242.047	52.75
-242.743	51.75
-243.438	52.25
-244.132	52.5
-244.827	51.375
-245.523	52.5
-246.218	51.875
-246.913	51.25
-247.608	51.625
-248.303	51.75
-248.999	52
-249.695	50
-250.39	52.625
-251.085	50.25
-251.782	53.25
-252.477	52.125
-253.173	50.875
-253.868	50.75
-254.565	50.625
-255.261	51.5
-255.956	51.625
-256.652	50
-257.35	50.25
-258.045	50.25
-258.741	52.5
-259.437	52.125
-260.135	49
-260.831	49.25
-261.527	50.25
-262.225	52
-262.921	47.5
-263.617	48.875
-264.314	48.625
-265.012	50.625
-265.708	51.125
-266.405	52.875
-267.103	51.75
-267.8	49.75
-268.496	50.375
-269.193	50.5
-269.892	50.75
-270.589	49.75
-271.286	49.75
-271.984	50.5
-272.681	51.125
-273.378	50.375
-274.077	50.5
-274.775	49.125
-275.472	49.375
-276.171	49.25
-276.868	49
-277.566	48.5
-278.263	48.625
-278.963	49.25
-279.66	50
-280.358	50.75
-281.058	49
-281.755	49.25
-282.453	49.125
-283.153	49.875
-283.851	48.25
-284.549	51.25
-285.249	50.5
-285.947	49.125
-286.647	49.75
-287.345	49.875
-288.044	49.75
-288.744	49.75
-289.443	49.125
-290.141	49.5
-290.841	50.25
-291.54	48.875
-292.239	49.75
-292.939	49
-293.638	51.25
-294.339	49.5
-295.038	50.375
-295.737	49.625
-296.438	48.875
-297.137	49.25
-297.836	48
-298.537	50.125
-299.237	49.125
-299.938	48.875
-300.637	48.625
-301.337	48.625
-302.038	49.125
-302.738	50.5
-303.439	50.125
-304.139	49.625
-304.839	49.5
-305.54	49
-306.24	49.375
-306.942	50.625
-307.642	47.625
-308.342	48.75
-309.044	49
-309.745	48.875
-310.447	48.75
-311.147	47.875
-311.849	50.25
-312.55	50.5
-313.25	48.5
-313.953	50.25
-314.653	50.125
-315.356	49.5
-316.057	48
-316.759	48.875
-317.46	47
-318.161	48.875
-318.864	48.875
-319.565	48.125
-320.268	50
-320.969	47.75
-321.672	48.625
-322.373	49.125
-323.077	49.875
-323.778	49.5
-324.481	49.375
-325.183	48.125
-325.885	48.375
-326.588	48.125
-327.29	47.875
-327.993	50.75
-328.695	50.75
-329.399	50.125
-330.101	49.625
-330.805	48.75
-331.507	50
-332.211	47.375
-332.913	48.25
-333.617	49.125
-334.32	48
-335.024	48.75
-335.726	48.625
-336.431	49.5
-337.133	49.625
-337.838	48.75
-338.54	49
-339.245	48
-339.948	48.125
-340.652	49
-341.356	47.625
-342.06	48.625
-342.763	47.75
-343.468	49.375
-344.172	47.875
-344.877	47.75
-345.58	48.375
-346.285	47.875
-346.989	47.625
-347.694	50.5
-348.399	47.875
-349.103	49.75
-349.808	48.875
-350.512	48.875
-351.218	48.5
-351.922	47
-352.627	49.5
-353.331	48.875
-354.037	48.25
-354.741	48.75
-355.447	48.125
-356.153	48.5
-356.858	48.375
-357.564	50.125
-358.268	50.25
-358.975	49.875
-359.679	48.375
-360.386	49.5
-361.09	50.125
-361.797	47.625
-362.503	48
-363.208	48.375
-363.915	48
-364.62	48.25
-365.327	47.625
-366.034	49
-366.739	49.875
-367.446	47.625
-368.151	48.75
-368.858	48.75
-369.564	47.375
-370.271	49.625
-370.978	47.125
-371.684	49.5
-372.391	47.75
-373.097	48.25
-373.805	49.25
-374.512	48.625
-375.218	48.625
-375.926	48
-376.634	48.25
-377.34	48.75
-378.048	49.125
-378.754	49
-379.462	48.875
-380.17	47.625
-380.877	49.375
-381.585	47.75
-382.293	49.75
-383	49
-383.708	49.5
-384.415	48.75
-385.124	48.5
-385.832	47.75
-386.539	48.625
-387.248	47.25
-387.956	49.875
-388.664	47.125
-389.373	50.75
-390.081	48.75
-390.789	48.5
-391.498	49.25
-392.207	48.25
-392.915	48
-393.624	48.25
-394.333	48.625
-395.041	49.125
-395.75	48.25
-396.46	47.125
-397.168	47.875
-397.877	47.125
-398.587	48.125
-399.295	47.375
-400.005	47.875
-400.715	47.25
-401.423	47.25
-402.133	48.5
-402.843	46.625
-403.552	48.75
-404.262	47.75
-404.972	49.625
-405.682	48.25
-406.391	47.5
-407.101	49.25
-407.812	48.25
-408.521	48.625
-409.231	48.25
-409.942	48.75
-410.653	48.375
-411.362	48.375
-412.073	48.875
-412.784	47.75
-413.493	48.375
-414.204	48.375
-414.915	49.375
-415.626	48.5
-416.336	47.875
-417.047	49.125
-417.759	47.625
-418.47	48.75
-419.18	47.75
-419.891	47.125
-420.603	47.125
-421.313	47.875
-422.025	47.75
-422.737	48.5
-423.448	48.25
-424.159	48.25
-424.871	47.75
-425.583	49.625
-426.295	48.375
-427.007	46.875
-427.718	49.375
-428.43	47.25
-429.142	47.625
-429.855	47.875
-430.566	49.25
-431.278	47.5
-431.991	48.125
-432.703	48.5
-433.414	47
-434.127	49.125
-434.84	48.375
-435.553	48
-436.266	46.125
-436.977	49
-437.69	48.125
-438.404	48.375
-439.117	48.75
-439.83	48.5
-440.542	48.375
-441.255	48.25
-441.969	48.25
-442.682	46.25
-443.396	48
-444.108	46.5
-444.822	46.75
-445.535	48.375
-446.249	48.25
-446.963	47.625
-447.676	47.875
-448.39	48.125
-449.104	47.375
-449.818	48.5
-450.532	47.5
-451.246	48.5
-451.959	47.625
-452.674	48
-453.388	49.125
-454.103	47.25
-454.817	49
-455.532	48.125
-456.245	48.75
-456.96	47.5
-457.675	47.125
-458.39	47.75
-459.104	48
-459.82	47.625
-460.535	48.375
-461.248	48.125
-461.963	46.25
-462.679	47.875
-463.394	48.125
-464.109	47.625
-464.825	47.875
-465.541	48
-466.255	46.875
-466.97	47.625
-467.686	48.375
-468.402	48.5
-469.118	47.5
-469.833	47.5
-470.549	47.5
-471.266	46.75
-471.982	49.75
-472.696	46.875
-473.412	46.75
-474.129	47.125
-474.845	47.625
-475.562	48.625
-476.278	47.5
-476.995	47.375
-477.711	48.625
-478.428	46.375
-479.145	47.75
-479.86	47.875
-480.577	48.5
-481.294	46.5
-482.011	47.5
-482.728	47.875
-483.445	46.625
-484.162	48.75
-484.879	47.25
-485.597	47.25
-486.314	48.75
-487.031	47.625
-487.749	48.625
-488.466	47.375
-489.182	47.125
-489.9	47.375
-490.618	48.25
-491.336	47.375
-492.054	47.625
-492.771	48.125
-493.489	47.375
-494.208	47.5
-494.926	49
-495.644	45.75
-496.362	48
-497.08	48.25
-497.799	47.75
-498.517	47.75
-499.236	47.75
-499.954	47.875
-500.673	47.25
-501.392	46.5
-502.11	47
-502.829	47.5
-503.548	46.125
-504.267	48.125
-504.986	47
-505.705	48.625
-506.424	47.625
-507.144	48.25
-507.863	48.875
-508.581	47.75
-509.3	48.125
-510.019	47.125
-510.739	46.75
-511.459	47.5
-512.178	48.25
-512.898	47.625
-513.618	47.125
-514.338	47.5
-515.057	49.25
-515.779	48
-516.499	47.875
-517.219	48.125
-517.939	46.75
-518.66	47.375
-519.38	47
-520.1	48.625
-520.821	47.375
-521.541	48.5
-522.262	48
-522.982	47.625
-523.703	48.5
-524.424	46.125
-525.144	47.625
-525.865	46.375
-526.586	46.25
-527.307	48.625
-528.028	48.25
-528.749	47.75
-529.471	46.875
-530.192	47
-530.913	48.5
-531.635	48.75
-532.356	47.625
-533.077	46.625
-533.799	48.125
-534.521	47.625
-535.244	47.625
-535.966	47.375
-536.688	47.625
-537.409	47.875
-538.131	46.625
-538.853	47.875
-539.575	46.75
-540.298	47
-541.02	46.5
-541.742	48.75
-542.464	47.25
-543.187	45.75
-543.909	46.375
-544.633	48.5
-545.356	48
-546.079	48
-546.801	47.375
-547.524	47.375
-548.247	47.5
-548.97	47.25
-549.693	47.75
-550.416	46.25
-551.139	47
-551.864	47.25
-552.587	47.625
-553.31	46.375
-554.034	47.125
-554.757	47.125
-555.48	46.375
-556.204	46.625
-556.928	48.375
-557.651	47.5
-558.377	48
-559.1	47.875
-559.824	48.625
-560.548	48
-561.272	47.5
-561.996	46.75
-562.72	47.75
-563.446	47.25
-564.17	47
-564.895	47.875
-565.619	48.625
-566.344	47.375
-567.068	47.125
-567.793	49.5
-568.519	47
-569.244	47.75
-569.968	47.5
-570.693	46.75
-571.418	48
-572.143	48.875
-572.87	48.25
-573.595	48.25
-574.32	48.5
-575.045	47.5
-575.77	47.625
-576.496	46.625
-577.223	46.5
-577.948	47.875
-578.674	47.25
-579.399	47
-580.125	46.625
-580.851	47.875
-581.578	49.75
-582.304	48
-583.03	48.125
-583.756	47.25
-584.482	47.125
-585.21	47.625
-585.936	47.125
-586.662	46.875
-587.388	46.875
-588.115	47
-588.843	47.5
-589.569	47.625
-590.296	49.25
-591.023	48
-591.749	46.625
-592.478	48.5
-593.205	47.875
-593.931	46.125
-594.658	47.75
-595.387	47.5
-596.114	47.125
-596.841	47.5
-597.568	46.875
-598.297	47.375
-599.025	46
-599.752	47.375
-600.48	47.625
-601.207	47.125
-601.936	47.375
-602.664	48
-603.392	47.75
-604.119	47.5
-604.849	47.375
-605.577	46.125
-606.305	47
-607.033	48.375
-607.763	46.75
-608.491	47.875
-609.219	48.125
-609.949	48.75
-610.677	47.625
-611.406	49
-612.134	48
-612.865	47.5
-613.593	47.875
-614.322	48.25
-615.051	48.75
-615.781	47.125
-616.51	48.25
-617.239	49.875
-617.97	47.75
-618.699	46
-619.428	48.25
-620.157	47.625
-620.888	45.5
-621.617	47.375
-622.347	49.125
-623.078	47.75
-623.807	47
-624.537	47.875
-625.268	47.375
-625.998	47.625
-626.728	48.125
-627.458	46.875
-628.189	47.875
-628.919	48.25
-629.649	48
-630.381	48
-631.111	46.875
-631.841	47
-632.573	47.625
-633.304	47.125
-634.034	48.25
-634.766	47.875
-635.497	46.125
-636.228	46.875
-636.96	48.75
-637.691	47.5
-638.422	47
-639.154	47
-639.885	47.75
-640.616	48.375
-641.349	47.5
-642.08	46.625
-642.811	47.875
-643.544	48.875
-644.276	46.5
-645.007	46
-645.74	49.125
-646.472	47.75
-647.205	47.125
-647.937	47.375
-648.668	47.75
-649.402	47.75
-650.134	47.125
-650.866	47.875
-651.599	47.5
-652.331	46.375
-653.065	46.75
-653.797	47
-654.53	48.125
-655.264	48.75
-655.996	49.125
-656.728	46.875
-657.463	48.125
-658.195	47.375
-658.93	47.5
-659.662	46.625
-660.395	47.625
-661.13	47.375
-661.862	44.5
-662.597	47.375
-663.33	47.625
-664.063	48.375
-664.798	48.5
-665.531	49.25
-666.266	48.125
-667	46
-667.733	48.25
-668.468	46
-669.202	48
-669.937	46.625
-670.671	47.375
-671.406	48.5
-672.14	46.125
-672.874	47.375
-673.61	48.375
-674.344	47.25
-675.079	47.125
-675.814	47
-676.549	47.5
-677.284	47.875
-678.018	47.875
-678.754	47.125
-679.489	47
-680.225	48.75
-680.959	47.75
-681.696	47.125
-682.431	46.25
-683.167	46.75
-683.902	46
-684.639	47.875
-685.374	45.375
-686.109	46.75
-686.845	48.875
-687.581	47.375
-688.318	47.375
-689.053	46.5
-689.79	46.875
-690.525	47
-691.263	48.125
-691.998	46.25
-692.736	46.375
-693.471	46.875
-694.209	47.25
-694.945	46.625
-695.682	46.125
-696.418	48.5
-697.156	47
-697.892	47.375
-698.63	48.375
-699.366	47.5
-700.104	46.5
-700.841	46.625
-701.579	46.875
-702.315	45.25
-703.054	48.125
-703.79	47.375
-704.529	47.125
-705.265	47.125
-706.004	47.125
-706.741	47.375
-707.479	47.75
-708.216	48
-708.955	47.25
-709.692	48.625
-710.431	47.75
-711.169	48.75
-711.908	47.25
-712.645	47
-713.384	48.25
-714.122	47.875
-714.861	47.5
-715.601	46.5
-716.338	48.25
-717.078	46.875
-717.816	46.125
-718.555	48.375
-719.294	47.375
-720.033	47.125
-720.771	47.875
-721.511	47.75
-722.25	47.625
-722.99	46.875
