657.203	9.17949
656.588	0
655.974	6.4205
655.359	4.19099
654.744	3.86145
654.129	3.23192
653.516	3.60267
652.901	2.92311
652.286	2.09354
651.671	2.81397
651.056	1.83438
650.44	2.10477
649.825	1.87516
649.21	2.39555
648.595	2.16592
647.979	2.68628
647.364	2.15664
646.749	1.77698
646.133	1.7473
645.518	1.01762
644.902	1.43792
644.286	1.20821
643.671	1.0285
643.055	1.09879
642.439	1.06903
641.823	0.839298
641.207	1.10954
640.591	1.07977
639.976	0
639.359	0.554996
638.743	1.10998
638.127	0.164982
637.511	1.36997
636.895	-0.125031
636.279	0.379971
635.662	0.28495
635.046	0.739952
634.429	0.294952
633.813	0.599953
633.196	0.85495
632.58	1.00994
631.963	-0.435047
631.346	0.419949
630.73	-0.425056
630.113	0.379944
629.496	0.784954
628.879	0.739948
628.262	0.69495
627.645	0.249958
627.027	-0.145035
626.41	0.459969
625.793	0.114975
625.175	0.619976
624.558	0.824982
623.941	-0.0200195
623.324	0.284985
622.706	0.189991
622.089	0.844997
621.471	0
620.854	3.8147e-006
620.236	1.1
619.618	0
619.001	1
618.382	0.300003
617.764	1
617.146	0
616.528	0.599998
615.91	0.149998
615.292	0.549999
614.674	1
614.056	0.25
613.438	1.05
612.818	0.149998
612.2	0.700001
611.582	0.549999
610.963	0.599998
610.345	0.549999
609.727	0.500004
609.108	0.299999
608.489	0.150005
607.869	0.599998
607.251	0.799999
606.632	0.25
606.013	0
605.395	0.448936
604.776	0.247879
604.157	0.496811
603.536	0.29575
602.917	0.494694
602.298	1.34363
601.679	0.69257
601.06	0.791508
600.441	0.190449
599.82	0.289387
599.201	1.13832
598.582	0.287258
597.962	0.53619
597.343	0.835133
596.723	0.634068
596.102	0.833008
595.483	0.631943
594.863	0.980881
594.243	0.0298233
593.624	-0.0712433
593.002	0.927689
592.382	0.176624
591.763	0.525558
591.143	0.524498
590.523	0.923435
589.901	0.372364
589.281	0.521297
588.661	0.270245
588.041	1.16918
587.419	0.368118
586.799	-0.0829506
586.178	0.315987
585.558	0.414921
584.937	0.813866
584.315	0.262791
583.695	0.0617218
583.074	0.41066
582.454	0.309593
581.831	0.108536
581.211	0.807453
580.59	-0.3936
579.969	0.805336
579.347	0.554264
578.726	0.153202
578.105	0.802143
577.482	0.65107
576.861	0
576.24	0.850006
575.619	0.500004
574.996	0.100002
574.375	-0.0499954
573.753	0.500004
573.132	0.650005
572.509	0.350002
571.887	0.35001
571.266	0.300003
570.643	1.10001
570.021	0.950005
569.399	0.500008
568.777	0.800007
568.154	0.200008
567.532	0.250011
566.91	0.450008
566.287	0.300007
565.665	0.400005
565.043	0.200005
564.419	0.100002
563.797	0.400009
563.175	0.299999
562.551	0.0500069
561.929	0.900002
561.306	-0.449993
560.683	0
560.06	1.3034
559.438	0.206802
558.813	0.610214
558.191	-0.686386
557.568	0.517017
556.944	0.320427
556.321	0.573818
555.698	0.527229
555.074	0.480633
554.451	-0.0159607
553.827	1.13745
553.204	0.440857
552.58	0.744263
551.956	0.397667
551.333	0.65107
550.709	0.654484
550.085	0.557892
549.461	1.31129
548.836	0.214706
548.213	0.868107
547.589	0.321522
546.964	0.0249367
546.341	0.778336
545.717	0.931744
545.092	0.935158
544.468	0.538563
543.843	0.641983
543.219	0.0953865
542.594	0.648804
541.97	0.352211
541.346	1.20562
540.72	-0.040966
540.096	0.36245
539.471	0.965866
538.846	0.769272
538.222	-0.0273209
537.596	1.7761
536.972	0.729511
536.346	0.282928
535.722	0.636341
535.096	1.38977
534.471	0.443172
533.845	0.846588
533.22	0
532.596	1.28614
531.969	-0.0777588
531.344	1.05837
530.718	-0.0055275
530.093	0.6306
529.467	-0.0333023
528.842	0.0528221
528.215	-0.0110855
527.59	0.875042
526.963	0.611134
526.338	0.34726
525.711	0.433357
525.086	0.119461
524.459	1.40556
523.834	-0.208328
523.207	0.177765
522.581	0.163883
521.956	0
521.329	-0.0407486
520.703	0.218494
520.076	0.427753
519.45	0.586994
518.823	0.346252
518.195	0.955517
517.569	0.864758
516.942	0.124027
516.316	0.333263
515.688	0.79253
515.062	1.05177
514.434	0.31105
513.808	0.120293
513.18	0.729568
512.554	0.388817
511.926	0.148079
511.3	0.307323
510.672	0.816608
510.045	0.225849
509.417	0.0351295
508.79	0.594387
508.162	0.203663
507.534	0.562939
506.907	-0.22781
506.279	0.781464
505.652	0.340721
505.023	0
504.396	0.840034
503.768	0.280018
503.139	-0.179974
502.512	1.16005
501.883	0.200035
501.256	0.490067
500.627	0.430054
500	0.0200729
499.371	1.01007
498.742	0.600063
498.114	0.340076
497.485	0.580067
496.858	0.470085
496.228	0.160072
495.599	0.450062
494.971	0.49007
494.342	1.28006
493.714	-0.229931
493.085	0.260056
492.455	0.800034
491.827	-0.109955
491.198	0.580029
490.568	0.320011
489.94	0.460011
489.31	0
488.682	0.699989
488.052	0.499996
487.422	0.149998
486.794	0.799995
486.164	-0.150002
485.534	0.0499954
484.905	0.499996
484.275	0.599998
483.645	0.299995
483.016	0.199989
482.385	0.449997
481.755	0.749996
481.126	0.299992
480.496	0.849998
479.867	0.299995
479.236	0.499996
478.606	0.600002
477.975	-0.100006
477.346	1.24999
476.715	0.0999947
476.084	0.199997
475.455	0.599991
474.824	-0.300003
474.193	1.25
473.563	0.199993
472.932	-0.550003
472.301	0.449993
471.671	-0.0500069
471.04	0.949989
470.409	-0.200005
469.777	0.299992
469.147	0.349991
468.516	0
467.885	-0.133343
467.254	0.233288
466.623	-0.500046
465.991	-0.133377
465.359	-0.466705
464.729	1.14993
464.097	0.0665932
463.466	0.43327
462.835	0.64991
462.203	0.616581
461.571	0.333263
460.939	0.399937
460.308	0.816578
459.676	0.733261
459.044	0.299953
458.412	0.416637
457.781	0.833282
457.149	1.04997
456.516	0.466663
455.884	0.0333481
455.253	0
454.62	0.542313
453.987	0.634624
453.355	0.576931
452.722	1.06925
452.091	0.861584
451.458	0.753883
450.825	0.546185
450.192	-0.361496
449.56	0.380821
448.927	1.52312
448.294	0.565434
447.661	1.35774
447.028	0.750046
446.396	0.692368
445.763	-0.465328
445.129	0.176979
444.496	0.769279
443.862	-0.238419
443.23	0.00390244
442.597	1.6462
441.963	0.338497
441.33	0.430794
440.696	-0.326908
440.062	0.315399
439.43	0.157711
438.796	0
438.162	0.898849
437.528	0.0476799
436.894	0.0465279
436.26	0.995361
435.627	0.394196
434.993	1.04304
434.359	-0.158123
433.724	0.290718
433.09	0.739544
432.456	0.588394
431.821	0.88723
431.188	0.736065
430.553	-0.515099
429.919	0.183746
429.284	-0.36742
428.649	0.331417
428.015	0.330265
427.38	0.479099
426.746	0.677933
426.111	0.526772
425.477	1.12561
424.841	0.374443
424.206	0.573277
423.571	0.372112
422.936	0.170959
422.301	0.219791
421.665	0.568626
421.03	0.167465
420.396	-0.183697
419.761	1.06514
419.125	0.463978
418.49	0.162804
417.854	0.461643
417.218	0.660477
416.583	0.20932
415.947	0.358158
415.311	0.40699
414.675	0.85582
414.039	0.304653
413.403	0.753498
412.769	0.752331
412.133	0.201164
411.496	0
410.86	0.747223
410.224	-0.155548
409.588	-0.308327
408.951	-0.261105
408.315	-0.11388
407.679	0.233345
407.042	0.480568
406.406	1.07779
405.769	-0.474987
405.132	0.172234
404.496	0.41946
403.859	0.466675
403.222	0.0639038
402.585	0.211124
401.948	0.45834
401.311	0.255562
400.674	0.502781
400.037	0
399.4	-0.186558
398.763	0.476898
398.125	0.44035
397.488	-0.446201
396.851	1.21725
396.213	0.780701
395.576	0.894154
394.938	0.80761
394.301	0.02108
393.663	0.834518
393.026	0.697987
392.388	0.261436
391.75	1.17491
391.112	-0.0616264
390.474	0.401836
389.837	0.815304
389.199	0.678761
388.561	0.792225
387.922	1.20569
387.284	0.219158
386.646	-0.0673676
386.008	0.896099
385.37	1.00958
384.731	1.17304
384.093	1.58652
383.454	0
382.816	0.640331
382.177	0.380676
381.539	0.921005
380.9	0.411331
380.261	0.701679
379.622	0.442009
378.982	0.582314
378.343	0.672649
377.704	0.26297
377.065	0.603306
376.426	0.393635
375.787	0.0339661
375.148	0.92429
374.509	0.764618
373.87	0.704937
373.23	0.245266
372.591	0.585587
371.952	0.175915
371.312	0.716244
370.671	0.606541
370.032	0.896862
369.392	-0.612823
368.752	1.2775
368.113	0.0678139
367.473	0.258133
366.833	0.79845
366.193	0.338764
365.553	1.02909
364.912	0.019371
364.272	1.05969
363.632	0
362.991	0.449997
362.351	-0.0999985
361.711	0.400005
361.071	0.849998
360.43	1.15001
359.788	0.349998
359.148	0.25
358.507	-3.8147e-006
357.867	0.899998
357.226	0.299999
356.585	0.5
355.943	0.800003
355.303	0
354.662	1.15001
354.021	0.150009
353.38	0.549999
352.739	0.850002
352.098	-0.75
351.455	0.149994
350.814	0.75
350.173	-0.0499992
349.532	0.400009
348.89	0.549999
348.247	0.400005
347.606	0.250008
346.964	0.900009
346.323	0.400002
345.681	-0.549992
345.038	0
344.397	0.303329
343.755	0.456661
343.113	1.00998
342.471	-0.736683
341.828	0.86665
341.186	0.969978
340.544	0.923309
339.902	0.526642
339.26	0.979973
338.616	0.233307
337.974	0.0366364
337.331	0.0899696
336.689	0.393303
336.045	0.996639
335.403	0.399963
334.76	0.853302
334.118	0.606628
333.475	0.659966
332.831	0.613304
332.188	0.666641
331.546	0.769978
330.903	0.523296
330.258	0.576653
329.616	0.429977
328.973	0.433311
328.33	0.0866508
327.685	0.0399895
327.042	0.593327
326.399	1.19667
325.754	0
325.111	0.848518
324.467	0.647034
323.824	1.09555
323.179	0.894047
322.535	0.892559
321.892	-0.00892258
321.247	0.739582
320.603	0.0380974
319.959	0.736607
319.316	0.0851212
318.67	0.733627
318.026	0.282139
317.383	0.930653
316.737	0.629162
316.093	0.577667
315.449	0.57618
314.803	0.174686
314.159	0.673195
313.515	0.671711
312.871	0.470215
312.225	0.918732
311.58	1.16723
310.936	0.165752
310.29	0.864254
309.645	0.962761
309.001	0.261269
308.354	0.309784
307.71	0.358284
307.065	0.406799
306.419	-0.144703
305.774	0.953812
305.129	1.15232
304.482	0.200825
303.837	0.64933
303.191	1.59784
302.545	0.996346
301.9	0.644844
301.253	0.793354
300.608	0.341866
299.963	0.690372
299.316	1.13888
298.67	0.637383
298.025	0.835899
297.378	0.0844002
296.732	0.282909
296.085	-0.0185928
295.439	0.579914
294.793	0.72842
294.146	0.226925
293.5	0.225433
292.853	0.623932
292.206	1.27244
291.56	0.77095
290.913	0.31945
290.267	0.767956
289.619	0.866459
288.973	0.414967
288.326	0.913464
287.678	0.411972
287.032	0.610474
286.384	1.15897
285.737	0.107475
285.091	0.655991
284.442	1.30449
283.796	1.05299
283.147	0.151497
282.501	0
281.852	1.2
281.205	0.400002
280.557	0.0499992
279.91	1.34999
279.263	1.2
278.614	0.750004
277.967	7.62939e-006
277.318	0.449997
276.671	0
276.022	0.549999
275.374	1.00001
274.725	-0.150002
274.078	0.699997
273.429	0.400002
272.781	0.499992
272.133	0.549999
271.484	0.299999
270.836	0.800003
270.187	0.650009
269.539	0.449997
268.89	1.2
268.242	0.850002
267.592	0.550003
266.944	1.44999
266.294	0.349995
265.646	0.449989
264.996	1.04999
264.348	1.5
263.698	0.849995
263.05	1.3
262.4	1.35
261.751	0.899998
261.101	0.400002
260.452	0.699993
259.802	0.799999
259.153	1.25
258.503	1.85
257.854	0.699989
257.204	1.34999
256.553	0.700005
255.904	0.749996
255.253	0.549995
254.604	0.649994
253.954	0.549995
253.304	0.899994
252.653	0.849987
252.004	0.450001
251.353	1.05
250.704	1.15
250.053	1.2
249.402	2.04999
248.752	2.34999
248.101	0.700001
247.451	1.75
246.8	0.999992
246.15	0.850002
245.498	1.05
244.848	0.0999947
244.197	1.3
243.545	0.999996
242.895	1.00001
242.243	1.55
241.593	1.2
240.941	0.899994
240.29	1.1
239.639	0.699993
238.987	1.15
238.337	0.849998
237.685	1.1
237.032	0
236.382	0.799995
235.73	0.799999
235.079	0.499996
234.426	0.89999
233.774	-0.150009
233.123	0.399994
232.471	0.0999985
231.819	1.19999
231.167	1
230.514	1.15
229.863	0.64999
229.21	1.29999
228.557	0.499985
227.906	0.749996
227.253	0.399994
226.6	0.199989
225.948	1.35
225.295	0.64999
224.644	1.14999
223.99	0.749992
223.337	0.599991
222.685	0
222.032	0.351776
221.379	-0.196445
220.727	0.805328
220.073	0.807102
219.419	1.10889
218.767	0.510666
218.114	1.56244
217.46	0.114227
216.807	0.666
216.154	1.21777
215.5	1.16956
214.847	0.271336
214.193	0.373116
213.539	1.17489
212.885	0.476677
212.232	0.678455
211.578	1.03024
210.924	-0.0179749
210.271	1.58381
209.616	0.635578
208.962	-0.0626373
208.309	0.339138
207.654	0.840923
207	1.19271
206.345	0.594486
205.692	0.746262
205.037	1.24805
204.382	0.749828
203.729	1.25161
203.074	1.4034
202.419	0.80518
201.763	1.20696
201.11	0.0587425
200.455	0.860527
199.799	1.41232
199.144	0.364098
198.49	1.01588
197.835	0.567657
197.179	0.969444
196.524	0.971226
195.87	1.02301
195.214	0.974796
194.558	1.17658
193.903	1.22837
193.248	0.780144
192.593	1.23193
191.937	0.88372
191.281	1.4355
190.626	1.28729
189.97	1.38908
189.314	1.24086
188.658	1.04265
188.002	1.24443
187.347	0.896229
186.69	0.498005
186.034	1.54979
185.378	-0.148422
184.723	0.653366
184.066	0.255154
183.409	0.956936
182.753	0.40873
182.096	0.510521
181.441	1.2623
180.784	0.86409
180.127	0.915882
179.47	1.91766
178.813	0.119453
178.156	1.42124
177.5	1.22303
176.843	1.87482
176.186	1.42661
175.529	0.878399
174.871	1.63019
174.215	2.03197
173.558	1.78376
172.9	1.23555
172.243	2.63734
171.585	1.78914
170.928	1.74092
170.27	1.89272
169.614	1.4445
168.956	2.84629
168.298	1.79809
167.64	1.69988
166.982	2.55167
166.324	2.50347
165.667	2.25525
165.009	1.50704
164.351	2.20884
163.693	2.41063
163.034	2.56242
162.376	2.51421
161.717	3.016
161.059	1.2678
160.402	3.06959
159.743	2.97138
159.085	1.82317
158.426	1.92497
157.767	2.17676
157.108	2.82856
156.449	3.73034
155.79	3.28214
155.131	2.33393
154.474	2.18573
153.815	2.88752
153.156	3.33931
152.496	3.84111
151.837	2.89291
151.178	3.9947
150.518	4.3465
149.859	4.34829
149.199	4.25009
148.54	4.60189
147.88	5.10369
147.221	4.90548
146.562	5.05727
145.903	5.95907
145.243	7.41086
144.583	7.96266
143.923	8.31446
143.263	11.0663
142.603	11.668
141.943	14.8199
141.283	16.2717
140.622	21.0734
139.962	23.7252
139.302	25.977
138.641	26.0788
137.981	25.7806
137.32	24.4324
136.66	20.1842
135.999	17.786
135.339	16.6878
134.678	13.2396
134.017	12.4414
133.356	11.3432
132.695	10.445
132.034	9.59682
131.373	8.99863
130.712	8.60043
130.053	8.80222
129.392	8.80402
128.73	7.05582
128.069	7.75763
127.408	7.40943
126.746	6.76123
126.085	6.86303
125.423	6.51483
124.762	6.61663
124.1	6.06843
123.437	4.82024
122.775	5.07204
122.113	5.72385
121.452	6.02564
120.79	5.17745
120.128	4.37925
119.466	5.08105
118.804	4.53286
118.142	3.73465
117.479	5.03646
116.817	4.38826
116.155	6.44007
115.493	3.34187
114.83	5.24367
114.168	4.24548
113.505	5.04729
112.843	4.64909
112.18	5.10089
111.517	5.25269
110.855	4.95449
110.192	6.0063
109.529	5.1081
108.866	5.05992
108.203	6.26172
107.54	6.61352
106.876	6.21533
106.212	8.31714
105.549	7.91894
104.886	7.97075
104.223	8.97256
103.559	11.2744
102.896	12.9262
102.232	15.528
101.569	19.5298
100.905	21.4816
100.242	28.9834
99.5781	29.9352
98.9128	31.437
98.249	31.5888
97.5852	26.7406
96.9213	24.6424
96.2573	23.5942
95.5933	21.7961
94.9292	19.8979
94.2651	18.3497
93.6009	16.9515
92.9351	14.7033
92.2708	14.7551
91.6065	12.9569
90.942	10.7087
90.2776	10.3605
89.613	8.96234
88.9484	8.46415
88.2838	7.76596
87.6176	6.06777
86.9528	6.21958
86.288	5.92139
85.6232	5.1232
84.9582	5.37501
84.2933	4.17683
83.6282	4.12864
82.9616	4.88046
82.2965	4.73226
81.6313	4.08407
80.966	3.03589
80.3007	4.18769
79.6353	3.38951
78.9684	2.04132
78.3029	3.54314
77.6374	2.49495
76.9718	2.44675
76.3061	2.94857
75.6404	2.80039
74.9731	2.7522
74.3073	2.40401
73.6414	2.75583
72.9755	2.35764
72.3095	2.75946
71.6419	3.26127
70.9758	3.76309
70.3097	2.7149
69.6434	2.11672
68.9772	1.81853
68.3093	3.12035
67.6429	3.27216
66.9765	2.77398
66.31	2.92579
65.6434	2.72761
64.9753	3.22943
64.3086	1.78124
63.6419	1.48306
62.9751	2.33487
62.3068	2.53669
61.6399	3.13851
60.9729	2.29033
60.3059	2.59214
59.6388	1.94395
58.9702	2.99577
58.303	2.4976
57.6358	2.64941
56.9685	1.50123
56.2996	2.30305
55.6322	2.75487
54.9648	2.70669
54.2972	2.40851
53.6281	2.31033
52.9605	2.41214
52.2928	2.11396
51.6251	2.21578
50.9558	2.16759
50.2879	2.36943
49.62	3.17124
48.952	2.07306
48.2825	2.07487
47.6144	2.3267
46.9462	2.42852
46.2765	1.98034
45.6083	2.83216
44.94	2.28398
44.2716	1.6358
43.6016	1.53763
42.9332	2.03944
42.2646	1.59127
41.5945	1.44309
40.9259	0.994911
40.2571	2.09673
39.5869	2.59855
38.918	1.85038
38.2492	1.7522
37.5802	2.15402
36.9097	2.50585
36.2407	2.50767
35.5715	2.30949
34.9009	1.91132
34.2316	1.66314
33.5624	1.91496
32.8915	1.81678
32.2221	1.26861
31.5527	2.32043
30.8816	0.92226
30.2121	1.87409
29.5425	1.7759
28.8713	2.37774
28.2015	2.12955
27.5317	1.53139
26.8604	2.28321
26.1905	1.88504
25.5205	2.48686
24.849	1.98868
24.1789	2.24052
23.5088	1.44233
22.8371	1.89417
22.1668	2.09599
21.495	1.74782
20.8246	2.14964
20.1542	1.85147
19.4822	2.7533
18.8117	2.35512
18.1411	2.85694
17.4689	2.70878
16.7982	2.41061
16.1259	3.41243
15.4551	2.31426
14.7843	4.21609
14.1118	3.51792
13.4408	3.56975
12.7698	3.67158
12.0972	3.37341
11.426	4.07523
10.7533	3.97707
10.082	4.87889
9.41065	5.68072
8.73774	5.78256
8.0663	5.03439
7.39328	6.88622
6.72172	8.63804
6.04858	8.23988
5.3769	7.44171
4.70517	8.24354
4.03186	9.64537
3.36002	14.1972
2.68659	31.049
2.01463	92.0009
1.34109	260.253
0.669021	532.955
-0.00310931	890.956
-0.676821	1255.01
-1.34907	959.91
-2.02289	385.412
-2.69525	147.314
-3.36919	58.0155
-4.04167	25.2174
-4.71573	13.7692
-5.38831	8.92102
-6.06096	6.37285
-6.73519	6.42469
-7.40795	4.82652
-8.08229	4.62836
-8.75517	3.58019
-9.42963	4.08203
-10.1026	3.08385
-10.7772	2.63569
-11.4503	2.98753
-12.125	2.38936
-12.7982	2.89119
-13.473	2.19302
-14.1463	2.24487
-14.8213	3.09671
-15.4947	2.39854
-16.1697	2.60037
-16.8433	2.35221
-17.5185	2.25405
-18.1921	1.70589
-18.8674	2.10772
-19.5412	2.20956
-20.2166	1.56139
-20.8905	0.96323
-21.566	2.26506
-22.24	2.11691
-22.9156	1.61874
-23.5897	1.87058
-24.2655	2.52242
-24.9397	2.07425
-25.6156	1.9761
-26.2899	2.42794
-26.9659	1.97977
-27.6404	1.63161
-28.3164	1.63345
-28.991	2.38528
-29.6672	1.43713
-30.3419	1.38896
-31.0182	2.2408
-31.6931	1.59265
-32.3695	0.694492
-33.046	1.84633
-33.721	1.44817
-34.3976	0
-35.0727	1.89408
-35.7494	1.08814
-36.4246	1.43221
-37.1014	1.47627
-37.7768	1.22034
-38.4537	1.5144
-39.1307	1.20845
-39.8062	1.30253
-40.4833	1.69658
-41.159	2.29065
-41.8362	1.23471
-42.512	0.928776
-43.1893	1.67283
-43.8667	1.36688
-44.5426	1.26094
-45.2201	1.605
-45.8962	1.44907
-46.5738	1.69312
-47.2515	0.637165
-47.9277	1.63123
-48.6055	1.02528
-49.2818	1.01934
-49.9598	0.963394
-50.6377	0.907433
-51.3142	1.3515
-51.9923	1.44554
-52.669	1.73961
-53.3472	1.38365
-54.0254	0.827705
-54.7022	0.821751
-55.3806	1.1158
-56.0575	1.25985
-56.736	0.953896
-57.4146	0.99794
-58.0917	1.092
-58.7703	0.786037
-59.4491	1.38008
-60.1263	1.47413
-60.8052	1.16818
-61.4841	1.21222
-62.1615	1.85627
-62.8405	1.20031
-63.5181	0.694363
-64.1972	1.78839
-64.8764	1.13243
-65.5541	0.276482
-66.2334	1.62051
-66.9128	1.51456
-67.5907	1.4586
-68.2702	0.302643
-68.9497	1.49667
-69.6278	0.990711
-70.3075	0.634754
-70.9872	0.77879
-71.6654	0.872833
-72.3453	0.966866
-73.0252	-0.0891037
-73.7036	1.05494
-74.3836	0.0489731
-75.0637	1.093
-75.7438	1.18703
-76.4224	0.781067
-77.1027	0.5751
-77.783	1.31913
-78.4618	0.113174
-79.1422	1.15719
-79.8227	0.501217
-80.5017	0.695259
-81.1823	0.139286
-81.8629	0.833305
-82.5436	1.32734
-83.2229	1.07137
-83.9037	0.715397
-84.5846	0.259422
-85.264	0.603455
-85.945	1.29747
-86.626	1.49149
-87.3072	0.535515
-87.9868	0.829548
-88.668	0.373566
-89.3493	1.01759
-90.0291	1.01161
-90.7105	1.60564
-91.392	1.49965
-92.0735	1.49367
-92.7536	1.1377
-93.4352	0.481709
-94.1169	2.17573
-94.7987	1.96974
-95.479	1.81377
-96.1609	1.80779
-96.8428	1.7018
-97.5248	2.09582
-98.2053	2.23984
-98.8874	2.23385
-99.5696	2.92786
-100.252	2.47187
-100.934	2.36588
-101.615	2.25991
-102.297	1.25391
-102.98	1.39792
-103.662	1.24194
-104.343	0.685955
-105.026	1.07996
-105.709	1.02396
-106.391	0.817966
-107.074	0.511974
-107.756	0.756001
-108.438	0
-109.121	0.957485
-109.805	0.0649796
-110.488	0.472473
-111.169	0.629944
-111.852	0.187447
-112.536	0.894936
-113.219	0.552422
-113.902	0.359928
-114.584	0.667397
-115.268	0.474899
-115.951	0.582386
-116.635	0.939892
-117.319	0.497391
-118.003	0.75489
-118.685	0.0123672
-119.369	0.669868
-120.053	0.827362
-120.737	0.884865
-121.421	0.442371
-122.103	0.69986
-122.787	0.357357
-123.472	0.864861
-124.156	0.572369
-124.84	0.779869
-125.525	0.537369
-126.209	-0.0551224
-126.892	0.45237
-127.577	1.00988
-128.261	-0.382614
-128.946	0.474892
-129.631	0.132404
-130.316	0.789917
-131	1.84743
-131.684	-0.295082
-132.369	0.462437
-133.054	0.419949
-133.739	0.527458
-134.424	0.934971
-135.109	0.742485
-135.795	0
-136.48	0.852699
-137.164	1.0054
-137.849	0.758091
-138.535	1.06079
-139.22	1.41349
-139.906	1.51619
-140.592	1.21889
-141.277	0.821587
-141.963	1.0743
-142.649	0.826988
-143.335	0.129692
-144.019	0.632389
-144.706	0.835102
-145.392	0.737797
-146.078	0.490494
-146.764	0.593193
-147.45	0.595898
-148.137	0.398602
-148.823	0.851311
-149.509	0.904007
-150.196	0.756706
-150.883	0.65942
-151.569	0.562122
-152.256	0.964817
-152.941	0.0175247
-153.628	0.0702286
-154.315	1.32293
-155.002	0.425636
-155.689	0.628342
-156.376	0.231052
-157.063	0.933758
-157.75	0.536465
-158.437	0.939167
-159.125	0.341877
-159.812	0.694588
-160.499	0.397285
-161.187	0
-161.874	-0.165901
-162.562	0.168213
-163.25	0.252304
-163.937	-0.163586
-164.625	0.720501
-165.313	0.40461
-166.001	0.0387115
-166.689	0.822803
-167.377	1.0069
-168.065	1.19099
-168.753	0.475079
-169.441	1.40918
-170.129	0.193268
-170.818	0.577351
-171.506	0.51144
-172.194	0.545521
-172.883	0.429611
-173.571	0.81369
-174.26	0.0477753
-174.949	0.381855
-175.637	0.215927
-176.326	0
-177.015	0.41666
-177.704	0.0833206
-178.393	0.799973
-179.082	-0.383362
-179.771	-0.0166931
-180.46	0.199966
-181.149	0.716637
-181.838	0.133305
-182.528	0.199966
-183.217	-0.53336
-183.907	0.383312
-184.596	0.399979
-185.286	-0.383347
-185.975	-0.416668
-186.665	0
-187.355	1.18638
-188.044	0.372757
-188.734	1.05912
-189.424	-0.0545158
-190.114	0.381863
-190.804	0.668224
-191.494	-0.0954132
-192.184	0.140953
-192.876	0.0772781
-193.566	-0.13636
-194.257	0
-194.947	0.571857
-195.637	0.0937195
-196.328	-0.634418
-197.018	1.48745
-197.709	0.409309
-198.4	-0.368824
-199.09	-0.0969505
-199.781	0.724915
-200.472	0.546791
-201.163	0.768661
-201.856	1.04058
-202.547	0.762463
-203.238	0.784344
-203.929	-0.143772
-204.62	0.228115
-205.311	0
-206.003	0.611137
-206.694	0.372253
-207.386	-0.266613
-208.077	0.0945206
-208.77	0.155556
-209.462	-0.433331
-210.153	-0.072216
-210.845	0.188896
-211.537	0
-212.229	0.906818
-212.921	0.463627
-213.613	1.17043
-214.305	1.07724
-214.999	-0.0159187
-215.691	0.590885
-216.383	0.0476952
-217.075	-0.0454826
-217.768	0.761326
-218.46	0.0181503
-219.152	0.624958
-219.847	-0.468212
-220.539	0.538609
-221.232	0.595425
-221.925	0.502243
-222.617	0.559063
-223.31	0.31588
-224.005	0.372715
-224.698	-0.0204697
-225.391	0.586357
-226.084	0.893177
-226.777	0
-227.47	0.648075
-228.165	0.396152
-228.858	0.0942345
-229.551	0.392315
-230.245	0.190392
-230.938	0.238472
-231.632	-0.363453
-232.327	1.28463
-233.021	0.482704
-233.714	0.380779
-234.408	0.12886
-235.102	0.726929
-235.798	0.625008
-236.492	0.623096
-237.186	0.321163
-237.88	-0.180756
-238.574	0.417324
-239.27	0.615387
-239.964	0.363464
-240.658	0.761539
-241.353	0.659611
-242.047	0.257702
-242.743	0.705772
-243.438	0.853844
-244.132	0.751923
-244.827	0
-245.523	-0.148273
-246.218	0.553444
-246.913	0.105171
-247.608	0.306892
-248.303	0.458611
-248.999	0.410328
-249.695	0.262054
-250.39	0.66378
-251.085	0.915497
-251.782	0.967228
-252.477	0.918953
-253.173	0.570679
-253.868	0.322392
-254.565	0.374119
-255.261	0.375843
-255.956	-0.322437
-256.652	0.779293
-257.35	0.331024
-258.045	1.18274
-258.741	0.934471
-259.437	-0.0138092
-260.135	0.387913
-260.831	0.93964
-261.527	0.941372
-262.225	0.393101
-262.921	-0.0551796
-263.617	0.346542
-264.314	0.848274
-265.012	0
-265.708	1.05554
-266.405	0.661095
-267.103	0.366657
-267.8	0.472198
-268.496	0.927753
-269.193	0.0833092
-269.892	0.088871
-270.589	-0.105579
-271.286	0.299973
-271.984	0.105534
-272.681	0.361092
-273.378	0.566643
-274.077	0.872204
-274.775	0.77776
-275.472	0.0333138
-276.171	0.588875
-276.868	0.544445
-277.566	0
-278.263	0.290482
-278.963	-0.119049
-279.66	1.52144
-280.358	0.561935
-281.058	-0.147598
-281.755	1.19289
-282.453	0.683376
-283.153	1.07383
-283.851	0.714321
-284.549	-0.0451965
-285.249	0.995262
-285.947	0.235744
-286.647	1.22621
-287.345	0.866684
-288.044	0.307171
-288.744	1.04763
-289.443	0.438107
-290.141	0.128582
-290.841	0.419041
-291.54	0.759514
-292.239	0
-292.939	0.670845
-293.638	-0.708351
-294.339	0.412498
-295.038	0.083313
-295.737	0.554123
-296.438	0.924984
-297.137	0.4958
-297.836	0.116619
-298.537	0.337486
-299.237	0.0583115
-299.938	0.129177
-300.637	0
-301.337	0.322769
-302.038	0.145462
-302.738	-0.0317802
-303.439	0.440907
-304.139	0.663662
-304.839	0.0864105
-305.54	0.159096
-306.24	1.03184
-306.942	0.50452
-307.642	1.02726
-308.342	0
-309.044	0.0499916
-309.745	0.200005
-310.447	-0.299999
-311.147	-0.0999947
-311.849	-0.450001
-312.55	0.700008
-313.25	0.0499954
-313.953	0.650009
-314.653	0.450005
-315.356	0.400005
-316.057	7.62939e-006
-316.759	0
-317.46	0.159992
-318.161	-0.130024
-318.864	-0.120014
-319.565	-0.0100174
-320.268	0.749989
-320.969	0.00997925
-321.672	0.919991
-322.373	-0.220009
-323.077	-0.0100021
-323.778	0
-324.481	0.6577
-325.183	-0.43462
-325.885	-0.376945
-326.588	1.38076
-327.29	0.138435
-327.993	0.546143
-328.695	0.153835
-329.399	0.11153
-330.101	0.369225
-330.805	-0.0730858
-331.507	0.534607
-332.211	0.342312
-332.913	0
-333.617	0.189999
-334.32	0.330009
-335.024	-0.029995
-335.726	0.760017
-336.431	0.200016
-337.133	0.640026
-337.838	0.0300179
-338.54	0.820026
-339.245	1.01001
-339.948	1.10002
-340.652	0.540016
-341.356	0.580013
-342.06	0.820004
-342.763	-0.139988
-343.468	0
-344.172	0.0937538
-344.877	0.687504
-345.58	0.631271
-346.285	0.375019
-346.989	1.01878
-347.694	0.812527
-348.399	0.0562706
-349.103	0.700039
-349.808	0.893784
-350.512	-0.112461
-351.218	-0.168709
-351.922	0.0250397
-352.627	0.418789
-353.331	0.612541
-354.037	0.156281
-354.741	3.8147e-005
-355.447	0.543785
-356.153	0.537521
-356.858	0.0812759
-357.564	0.125015
-358.268	0.0687714
-358.975	0.41251
-359.679	0.106262
-360.386	0
-361.09	0.103333
-361.797	0.656658
-362.503	-0.540001
-363.208	-0.536674
-363.915	-0.183334
-364.62	-0.330009
-365.327	1.02332
-366.034	-0.523331
-366.739	0.679985
-367.446	0.533325
-368.151	0.136654
-368.858	0.289993
-369.564	0.0433235
-370.271	0.246658
-370.978	0
-371.684	0.769951
-372.391	0.039959
-373.097	1.20992
-373.805	-0.120079
-374.512	0.249931
-375.218	0.219898
-375.926	0.039917
-376.634	0.459923
-377.34	-0.0701103
-378.048	0.0499153
-378.754	0.969887
-379.462	0.589909
-380.17	0.609928
-380.877	0.379906
-381.585	1.39993
-382.293	1.11997
-383	0.139942
-383.708	0.659973
-384.415	0.729958
-385.124	0
-385.832	0.893421
-386.539	0.486866
-387.248	1.18029
-387.956	0.823715
-388.664	0.617153
-389.373	0.910576
-390.081	0.454002
-390.789	0.847446
-391.498	0.690861
-392.207	0.784283
-392.915	0.477726
-393.624	0.971142
-394.333	0.0145569
-395.041	0.908001
-395.75	0.651413
-396.46	0.29483
-397.168	1.13827
-397.877	0.331684
-398.587	0.775105
-399.295	1.11853
-400.005	0.511944
-400.715	0.555363
-401.423	0.598789
-402.133	0.392204
-402.843	0.485626
-403.552	0.729042
-404.262	0.122456
-404.972	0.0658684
-405.682	0.659275
-406.391	0.302704
-407.101	-0.153885
-407.812	0.189522
-408.521	0.432941
-409.231	0.476357
-409.942	0.719765
-410.653	1.21317
-411.362	0.306587
-412.073	0
-412.784	0.246872
-413.493	0.0937424
-414.204	0.890625
-414.915	-0.0124931
-415.626	-0.16563
-416.336	0.981262
-417.047	0.47813
-417.759	0.325001
-418.47	0.371883
-419.18	0.718754
-419.891	0.415634
-420.603	0.412495
-421.313	0.109383
-422.025	0.40625
-422.737	-0.34687
-423.448	0
-424.159	0.399994
-424.871	0.149994
-425.583	0.299999
-426.295	-0.300011
-427.007	0.400002
-427.718	-0.150005
-428.43	0.649998
-429.142	0.600002
-429.855	0.450001
-430.566	-0.25
-431.278	-0.100002
-431.991	0.949993
-432.703	0.400002
-433.414	0.100006
-434.127	-0.0499954
-434.84	0
-435.553	0.395458
-436.266	-0.45908
-436.977	0.486378
-437.69	1.23183
-438.404	0.877277
-439.117	-0.227268
-439.83	-0.18182
-440.542	-0.386353
-441.255	-0.340908
-441.969	-0.145451
-442.682	0
-443.396	0.0171242
-444.108	0.534206
-444.822	0.451336
-445.535	0.618462
-446.249	0.735596
-446.963	0.552723
-447.676	0.269817
-448.39	-0.113041
-449.104	0.0540924
-449.818	0.221226
-450.532	0.688362
-451.246	0.655499
-451.959	0.372612
-452.674	0.889748
-453.388	0.556896
-454.103	0.574043
-454.817	0.641193
-455.532	0.408348
-456.245	0.525452
-456.96	1.0426
-457.675	0.609768
-458.39	0.72691
-459.104	0.944069
-459.82	1.31122
-460.535	0.228394
-461.248	0.845512
-461.963	0.712681
-462.679	0.329838
-463.394	1.29701
-464.109	0.614174
-464.825	0.831341
-465.541	1.24851
-466.255	1.16565
-466.97	0.932823
-467.686	0
-468.402	1.1875
-469.118	1.675
-469.833	-0.0874939
-470.549	0.450005
-471.266	1.13751
-471.982	0.625008
-472.696	0.262531
-473.412	0.600029
-474.129	1.13753
-474.845	0.47501
-475.562	-0.0874901
-476.278	0
-476.995	0.643559
-477.711	0.287109
-478.428	0.430672
-479.145	0.274223
-479.86	0.567795
-480.577	1.11135
-481.294	1.05489
-482.011	0.84845
-482.728	1.24199
-483.445	0.98555
-484.162	0.229099
-484.879	0.672653
-485.597	0.516197
-486.314	0.659756
-487.031	0.40329
-487.749	0.746841
-488.466	1.39039
-489.182	0.483952
-489.9	0.227497
-490.618	0.571041
-491.336	0.964577
-492.054	0.508121
-492.771	0.851673
-493.489	0.945213
-494.208	1.23876
-494.926	0.632294
-495.644	0.625828
-496.362	0.969383
-497.08	0.612907
-497.799	1.05646
-498.517	0
-499.236	0.541668
-499.954	0.13335
-500.673	0.525028
-501.392	-0.333302
-502.11	-0.191628
-502.829	0.500046
-503.548	1.54172
-504.267	0.233391
-504.986	1.02506
-505.705	-0.0332642
-506.424	0.60841
-507.144	0.650063
-507.863	0.241745
-508.581	0.583435
-509.3	0.425102
-510.019	0.766766
-510.739	0.308426
-511.459	1.20009
-512.178	0.541763
-512.898	1.03343
-513.618	0.875092
-514.338	-0.0332527
-515.057	0.758408
-515.779	0.350048
-516.499	0.991711
-517.219	0.983372
-517.939	1.12503
-518.66	0.166683
-519.38	1.60833
-520.1	0
-520.821	-0.0577087
-521.541	0.784573
-522.262	-0.123131
-522.982	0.56916
-523.703	0.211464
-524.424	1.00377
-525.144	0.246075
-525.865	0.638386
-526.586	0.0806999
-527.307	0.573017
-528.028	0.915348
-528.749	0.557674
-529.471	0
-530.192	0.445011
-530.913	1.64001
-531.635	1.08501
-532.356	0.0800209
-533.077	0.32502
-533.799	0.420029
-534.521	1.31503
-535.244	1.21001
-535.966	1.05502
-536.688	0.600021
-537.409	0.995018
-538.131	1.04002
-538.853	-0.0649834
-539.575	0.330017
-540.298	1.17502
-541.02	0.870014
-541.742	0.665009
-542.464	0.910007
-543.187	0.655006
-543.909	0
-544.633	0.394226
-545.356	0.388466
-546.079	0.482708
-546.801	0.626949
-547.524	1.27118
-548.247	0.665413
-548.97	0.759651
-549.693	1.05388
-550.416	0.948116
-551.139	0.892357
-551.864	1.33657
-552.587	0.580807
-553.31	1.02504
-554.034	1.51927
-554.757	0.913502
-555.48	0.50774
-556.204	1.30197
-556.928	1.1462
-557.651	1.19043
-558.377	0.434643
-559.1	0.678871
-559.824	0.373096
-560.548	1.31733
-561.272	-0.0884476
-561.996	1.55577
-562.72	0
-563.446	1.36143
-564.17	0.122849
-564.895	0.834251
-565.619	0.495663
-566.344	0.457077
-567.068	1.11848
-567.793	1.0799
-568.519	0.891342
-569.244	0.252754
-569.968	-0.285835
-570.693	0.925587
-571.418	0.737003
-572.143	0.648418
-572.87	0.759876
-573.595	1.22129
-574.32	1.13271
-575.045	0.244133
-575.77	0.405563
-576.496	0.416985
-577.223	1.07843
-577.948	0.689865
-578.674	0.751289
-579.399	1.01272
-580.125	0.974152
-580.851	1.43559
-581.578	0.897045
-582.304	1.10847
-583.03	1.8199
-583.756	1.03135
-584.482	1.34278
-585.21	1.35425
-585.936	0.865688
-586.662	1.07712
-587.388	0.938564
-588.115	0
-588.843	0.623981
-589.569	1.34803
-590.296	0.622059
-591.023	0.496098
-591.749	1.22013
-592.478	0.794102
-593.205	0.768127
-593.931	1.24215
-594.658	0.86618
-595.387	1.39014
-596.114	0.414162
-596.841	0.938171
-597.568	0.712185
-598.297	0.336147
-599.025	0.460159
-599.752	0.984161
-600.48	1.25817
-601.207	0.182175
-601.936	0.256111
-602.664	0.98011
-603.392	1.0041
-604.119	0.228104
-604.849	0.502033
-605.577	1.07602
-606.305	0
-607.033	0.0881767
-607.763	0.626453
-608.491	-0.535355
-609.219	1.25283
-609.949	-0.108883
-610.677	0.52932
-611.406	0.367516
-612.134	0.455734
-612.865	0.694027
-613.593	0.28223
-614.322	0.570454
-615.051	0.458672
-615.781	1.39698
-616.51	1.1352
-617.239	1.17344
-617.97	0.0617599
-618.699	0
-619.428	1.63002
-620.157	1.26006
-620.888	1.84004
-621.617	1.42007
-622.347	0.500092
-623.078	0.580074
-623.807	1.36008
-624.537	0.590103
-625.268	1.42007
-625.998	1.60009
-626.728	0.980099
-627.458	1.26011
-628.189	0.34008
-628.919	0.470085
-629.649	0.750095
-630.381	0.830051
-631.111	0.110054
-631.841	0.0900497
-632.573	0.67001
-633.304	0
-634.034	0.798492
-634.766	0.896976
-635.497	0.495464
-636.228	0.793953
-636.96	0.642437
-637.691	0.540924
-638.422	0.189411
-639.154	0.137894
-639.885	0.786381
-640.616	-0.115128
-641.349	0.333355
-642.08	0.781841
-642.811	-0.169666
-643.544	0.878807
-644.276	1.2773
-645.007	1.42579
-645.74	0.524265
-646.472	0.422749
-647.205	0.821232
-647.937	0.519722
-648.668	1.01821
-649.402	0.666687
-650.134	0.0651741
-650.866	1.16365
-651.599	0.862141
-652.331	1.31062
-653.065	0.159111
-653.797	0.657589
-654.53	0.406075
-655.264	0.90456
-655.996	1.65304
-656.728	0.801521
-657.463	0
-658.195	0.444336
-658.93	0.738659
-659.662	0.332996
-660.395	0.977322
-661.13	-0.128349
-661.862	1.41599
-662.597	0.860302
-663.33	1.35462
-664.063	1.09895
-664.798	-0.556725
-665.531	0.437607
-666.266	0.231922
-667	0.126244
-667.733	0.27058
-668.468	0.71489
-669.202	0.409214
-669.937	1.20353
-670.671	0.747856
-671.406	0.192169
-672.14	0.336494
-672.874	0.830822
-673.61	0.475128
-674.344	0.219452
-675.079	-0.13623
-675.814	0.458084
-676.549	0.35239
-677.284	-0.753288
-678.018	1.44104
-678.754	0.235344
-679.489	0.779659
-680.225	0.723972
-680.959	0.968292
-681.696	0.712589
-682.431	0.356915
-683.167	1.00121
-683.902	0.645535
-684.639	0.189838
-685.374	-0.315853
-686.109	0.578461
-686.845	0.172771
-687.581	0.567074
-688.318	0.661377
-689.053	0.855694
-689.79	0
-690.525	-0.142879
-691.263	0.564266
-691.998	0.2714
-692.736	0.028553
-693.471	0.635681
-694.209	-0.00717163
-694.945	-0.0500374
-695.682	0.507111
-696.418	0.914242
-697.156	0.221397
-697.892	-0.271461
-698.63	0.335682
-699.366	0.0428352
-700.104	0.799976
-700.841	0.157112
-701.579	0.514271
-702.315	0.221413
-703.054	1.17856
-703.79	0.685699
-704.529	0.492874
-705.265	0
-706.004	1.09376
-706.741	0.337521
-707.479	0.13126
-708.216	0.725033
-708.955	0.618774
-709.692	0.0125427
-710.431	0.306282
-711.169	0.500046
-711.908	0.69379
-712.645	0.537556
-713.384	0.731289
-714.122	0.525055
-714.861	-0.431213
-715.601	0.0625305
-716.338	0.506283
-717.078	0.500038
-717.816	0.643784
-718.555	-0.0124664
-719.294	-0.568718
-720.033	0.275021
-720.771	0.66877
-721.511	0.512508
-722.25	0.456264
-722.99	0
