657.203	9.61177
656.588	0
655.974	7.84973
655.359	4.43019
654.744	3.04907
654.129	2.97565
653.516	2.47994
652.901	1.82952
652.286	1.98675
651.671	1.22087
651.056	0.454994
650.44	0.881336
649.825	0
649.21	-0.0413132
648.595	1.22507
647.979	0.760685
647.364	0.334763
646.749	-0.0527039
646.133	0.0598373
645.518	0.749298
644.902	0.631073
644.286	-0.0640831
643.671	0.548447
643.055	0.545609
642.439	0.965836
641.823	0.69376
641.207	-0.0783348
640.591	0.226521
639.976	0.146748
639.359	0.451588
638.743	0.641045
638.127	0.330505
637.511	-0.556969
636.895	0.555576
636.279	1.05273
635.662	0.78064
635.046	0.393173
634.429	0.890327
633.813	0.733631
633.196	0
632.58	0.475178
631.963	0.527271
631.346	0.656284
630.73	0.55452
630.113	0.375854
629.496	0.427952
628.879	0.826195
628.262	1.14753
627.645	0.968857
627.027	0.905602
626.41	1.2654
625.793	0.279045
625.175	0.908058
624.558	0.190941
623.941	0.204586
623.324	0.1413
622.706	0.385723
622.089	1.01476
621.471	0.951477
620.854	0.465134
620.236	0.401859
619.618	1.10782
619.001	0.736858
618.382	0.596695
617.764	0.80265
617.146	0.39323
616.528	0.291515
615.91	0.689781
615.292	1.04959
614.674	0.755569
614.056	0
613.438	0.53334
612.818	0.643597
612.2	0.715401
611.582	0.979519
610.963	0.859009
610.345	0.969269
609.727	0.887238
609.108	0.497501
608.489	0.915459
607.869	0.679554
607.251	0.520588
606.632	1.55394
606.013	0.856495
605.395	0.735992
604.776	0.692402
604.157	-0.274258
603.536	0.605228
602.917	0.677029
602.298	0.787285
601.679	1.51293
601.06	0.738579
600.441	-0.0357857
599.82	0.920612
599.201	1.03087
598.582	0.44883
597.962	0.712933
597.343	1.32319
596.723	1.16422
596.102	0.851383
595.483	0.884716
594.863	0.610359
594.243	0.528301
593.624	0.215477
593.002	1.40265
592.382	0.820591
591.763	0.776997
591.143	1.27186
590.523	0.689812
589.901	-0.123028
589.281	0.0641518
588.661	0.559021
588.041	-0.0230484
587.419	0.587193
586.799	0.812828
586.178	0
585.558	0.336552
584.937	1.13464
584.315	1.66348
583.695	1.19234
583.074	0.605812
582.454	0.903889
581.831	0.894264
581.211	-0.0384216
580.59	0.221199
579.969	-0.0191841
579.347	0.586578
578.726	1.57697
578.105	0.875042
577.482	0.442326
576.861	-0.0288124
576.24	0.846176
575.619	-0.00958252
574.996	-0.25
574.375	0.201931
573.753	0
573.132	0.230774
572.509	0.692314
571.887	0.615391
571.266	0.230766
570.643	0.23077
570.021	-0.192307
569.399	-0.346146
568.777	0.384617
568.154	0.653847
567.532	0.0384712
566.91	0
566.287	1.03848
565.665	0.730778
565.043	0.769234
564.419	0.153847
563.797	0.346161
563.175	0.230782
562.551	0.192307
561.929	0.384617
561.306	-0.26923
560.683	0.42308
560.06	1
559.438	0.807697
558.813	0.846157
558.191	0.73077
557.568	0.230766
556.944	1.30769
556.321	0.692307
555.698	0.46154
555.074	0
554.451	0.499996
553.827	0.884609
553.204	0.423077
552.58	0.69231
551.956	0.46154
551.333	0.115383
550.709	0.192299
550.085	0
549.461	0.696419
548.836	0.277466
548.213	0.589264
547.589	0.0933762
546.964	0.174427
546.341	0.024704
545.717	0.567268
545.092	-0.120911
544.468	0.498592
543.843	0.964256
543.219	0.506824
542.594	0.549416
541.97	0.630463
541.346	0.826885
540.72	0.638706
540.096	1.02743
539.471	0.185406
538.846	0.727982
538.222	0.885948
537.596	-0.263763
536.972	0.278809
536.346	0.513721
535.722	0.0562935
535.096	0.445034
534.471	0.295315
533.845	-0.200554
533.22	0.495872
532.596	0
531.969	0.269608
531.344	0.231537
530.718	0.424232
530.093	0.809235
529.467	0.00193405
528.842	1.34848
528.215	0.656548
527.59	0.00310135
526.963	0.541943
526.338	0.965416
525.711	0.23502
525.086	1.3508
524.459	0.966564
523.834	0.851563
523.207	0.467335
522.581	0.660038
521.956	0.429653
521.329	1.31465
520.703	0.661201
520.076	0.969276
519.45	-0.761105
518.823	0.700825
518.195	0.5089
517.569	0.893906
516.942	1.24044
516.316	0.740833
515.688	1.04891
515.062	0.549305
514.434	1.08815
513.808	0.74239
513.18	1.24277
512.554	1.2047
511.926	0.320477
511.3	0.628551
510.672	1.05202
510.045	0.206253
509.417	1.01434
508.79	0.707035
508.162	0.861267
507.534	0.784721
506.907	0.515884
506.279	0.323963
505.652	0.747433
505.023	1.05551
504.396	1.01744
503.768	1.47937
503.139	1.51823
502.512	0.0955353
501.883	1.05746
501.256	0.865528
500.627	0.750542
500	1.02016
499.371	0.1744
498.742	0.905552
498.114	0.482861
497.485	0.637096
496.858	0.637486
496.228	0.368656
495.599	0.292114
494.971	1.71558
494.342	0.677505
493.714	0.600975
493.085	0.485985
492.455	0.524826
491.827	0.948299
491.198	0.371761
490.568	0.641384
489.94	0.834076
489.31	1.44985
488.682	0.642544
488.052	0.989086
487.422	0.835632
486.794	0.720638
486.164	0.413334
485.534	0.759876
484.905	0.914108
484.275	0.952969
483.645	0.376442
483.016	1.64605
482.385	0.184906
481.755	0.646828
481.126	1.33952
480.496	0.262997
479.867	1.03262
479.236	0.148388
478.606	1.57185
477.975	1.03378
477.346	0.995701
476.715	1.07302
476.084	-0.234268
475.455	0.689194
474.824	0.804974
474.193	0.420738
473.563	0.805733
472.932	0.344593
472.301	0.998833
471.671	-0.000774384
471.04	0.268845
470.409	0
469.777	1.00064
469.147	0.655136
468.516	1.19424
467.885	0.348713
467.254	1.04166
466.623	1.00385
465.991	0.81218
465.359	1.15898
464.729	0.890388
464.097	0.737186
463.466	1.04552
462.835	0.161537
462.203	1.27756
461.571	0.662827
460.939	0.817307
460.308	0.433334
459.676	0.549374
459.044	0.819233
458.412	0.319874
457.781	0.974358
457.149	0.590389
456.516	1.39872
455.884	0.0916748
455.253	1.05386
454.62	1.05449
453.987	0.247448
453.355	0.555779
452.722	0.748734
452.091	0.710907
451.458	1.25002
450.825	0.712196
450.192	1.59745
449.56	1.32887
448.927	1.52182
448.294	1.13785
447.661	1.63848
447.028	1.02375
446.396	1.02439
445.763	0.678871
445.129	0.487209
444.496	1.25709
443.862	1.21926
443.23	1.10452
442.597	0.566704
441.963	1.45197
441.33	0.606453
440.696	1.41478
440.062	1.83851
439.43	1.45453
438.796	0.916718
438.162	0.801983
437.528	1.53338
436.894	0.610958
436.26	1.07314
435.627	1.07377
434.993	0.574432
434.359	0.113529
433.724	-0.00120926
433.09	-0.115955
432.456	1.50008
431.821	1.07764
431.188	0.00136948
430.553	1.3097
429.919	1.11805
429.284	1.15715
428.649	1.50394
428.015	0.889198
427.38	1.5437
426.746	0.467411
426.111	1.00652
425.477	0.776398
424.841	0.777039
424.206	1.12383
423.571	0.662945
422.936	0.971283
422.301	0.856537
421.665	1.66488
421.03	1.47321
420.396	0.743088
419.761	1.12835
419.125	1.01361
418.49	1.39888
417.854	0.399521
417.218	1.74632
416.583	0.74696
415.947	1.63222
415.311	0.82518
414.675	1.40275
414.039	1.21108
413.403	1.25019
412.769	0.635452
412.133	0.443787
411.496	1.29059
410.86	1.29123
410.224	1.06112
409.588	0.600227
408.951	1.48547
408.315	1.29382
407.679	1.40985
407.042	1.37203
406.406	1.065
405.769	0.719482
405.132	1.41244
404.496	0.297695
403.859	1.3368
403.222	0.837444
402.585	1.22271
401.948	0.723354
401.311	1.41632
400.674	1.22466
400.037	1.37915
399.4	1.22595
398.763	0.534283
398.125	1.11185
397.488	1.45865
396.851	1.99777
396.213	1.03688
395.576	0.999054
394.938	1.19202
394.301	0.846508
393.663	1.03946
393.026	1.46318
392.388	0.694611
391.75	1.11833
391.112	1.46512
390.474	1.5427
389.837	1.27411
389.199	1.77477
388.561	1.46771
387.922	1.2376
387.284	0.969006
386.646	0.854279
386.008	1.23954
385.37	1.62481
384.731	1.08699
384.093	0.510719
383.454	1.70366
382.816	0.819706
382.177	1.12805
381.539	1.09024
380.9	1.97549
380.261	1.09153
379.622	0.553715
378.982	1.28514
378.343	0.824249
377.704	1.09413
377.065	0.556305
376.426	0.249268
375.787	1.24992
375.148	1.0198
374.509	1.05891
373.87	0.444176
373.23	1.21407
372.591	0.599316
371.952	0.907658
371.312	1.06215
370.671	1.94743
370.032	0.601913
369.392	1.3718
368.752	3.10322
368.113	1.25771
367.473	1.60451
366.833	1.25902
366.193	0.721199
365.553	0.914162
364.912	1.45327
364.272	0.684681
363.632	0.877647
362.991	1.49368
362.351	1.07126
361.711	2.37959
361.071	1.76486
360.43	1.34243
359.788	2.22771
359.148	2.15143
358.507	0.998234
357.867	1.72966
357.226	1.2303
356.585	1.42326
355.943	1.23161
355.303	1.65533
354.662	1.84829
354.021	0.848934
353.38	2.11884
352.739	1.69641
352.098	1.77396
351.455	1.54385
350.814	1.12143
350.173	1.77593
349.532	1.69965
348.89	1.08492
348.247	1.04712
347.606	1.70161
346.964	1.00996
346.323	1.54906
345.681	1.85742
345.038	1.51191
344.397	1.4741
343.755	1.28244
343.113	1.59079
342.471	2.16836
341.828	1.13055
341.186	1.78505
340.544	2.17031
339.902	1.59405
339.26	1.5947
338.616	1.36458
337.974	1.71139
337.331	1.67358
336.689	1.02039
336.045	1.17489
335.403	1.75246
334.76	1.44542
334.118	1.83068
333.475	2.13904
332.831	0.755074
332.188	1.60188
331.546	1.71791
330.903	2.06472
330.258	1.25768
329.616	0.83527
328.973	1.37437
328.33	1.06733
327.685	1.91414
327.042	1.87635
326.399	1.18468
325.754	2.03149
325.111	1.64753
324.467	1.49434
323.824	1.99499
323.179	1.5341
322.535	1.41936
321.892	1.34311
321.247	1.4976
320.603	2.11365
319.959	2.30661
319.316	2.19187
318.67	2.19254
318.026	0.962402
317.383	2.30923
316.737	2.27141
316.093	2.7336
315.449	2.15734
314.803	2.54261
314.159	2.31249
313.515	1.3516
312.871	2.65996
312.225	1.96831
311.58	1.81511
310.936	1.89268
310.29	2.20103
309.645	2.24015
309.001	1.93313
308.354	2.703
307.71	1.93443
307.065	2.97354
306.419	2.47419
305.774	1.821
305.129	1.82166
304.482	2.86078
303.837	3.16913
303.191	3.01594
302.545	2.55505
301.9	2.74801
301.253	2.78713
300.608	3.01855
299.963	3.90383
299.316	3.51987
298.67	3.48206
298.025	3.2135
297.378	3.0603
296.732	3.98403
296.085	3.25392
295.439	2.67766
294.793	3.25524
294.146	3.25589
293.5	3.14116
292.853	3.41105
292.206	3.56554
291.56	3.52774
290.913	3.48994
290.267	3.06752
289.619	3.83742
288.973	3.06883
288.326	2.91564
287.678	2.99322
287.032	3.41696
286.384	3.45607
285.737	4.14904
285.091	3.99586
284.442	3.18882
283.796	3.34332
283.147	3.76706
282.501	3.30617
281.852	2.99913
281.205	3.49979
280.557	3.19276
279.91	3.50111
279.263	3.46331
278.614	3.42551
277.967	3.81078
277.318	2.92682
276.671	3.6967
276.022	3.96659
275.374	3.35188
274.725	4.77561
274.078	4.85319
273.429	3.46923
272.781	4.04681
272.133	4.509
271.484	3.70197
270.836	4.35648
270.187	3.51098
269.539	3.97318
268.89	4.43538
268.242	3.82066
267.592	3.4367
266.944	5.16811
266.294	3.2457
265.646	4.28482
264.996	4.43934
264.348	4.40152
263.698	4.47911
263.05	4.97977
262.4	3.82658
261.751	3.98108
261.101	4.21251
260.452	5.02086
259.802	4.21384
259.153	4.59911
258.503	4.44592
257.854	4.13889
257.204	4.2934
256.553	5.14022
255.904	4.37164
255.253	4.10307
254.604	4.41142
253.954	4.37362
253.304	4.52812
252.653	5.06725
252.004	4.60637
251.353	4.87626
250.704	3.91539
250.053	5.60835
249.402	5.03209
248.752	6.03274
248.101	5.99495
247.451	5.18791
246.8	4.88088
246.15	5.30462
245.498	6.03605
244.848	5.49825
244.197	5.8066
243.545	5.9611
242.895	4.80793
242.243	4.80859
241.593	5.46309
240.941	5.15606
240.29	5.31058
239.639	5.65739
238.987	5.35035
238.337	5.77409
237.685	4.77475
237.032	5.69849
236.382	5.1607
235.73	5.96904
235.079	5.81586
234.426	5.00883
233.774	5.81718
233.123	4.62553
232.471	5.4339
231.819	6.24224
231.167	4.89676
230.514	5.85896
229.863	5.82116
229.21	6.20643
228.557	5.32248
227.906	6.51545
227.253	5.20842
226.6	6.51677
225.948	6.01744
225.295	5.24886
224.644	5.67261
223.99	5.90404
223.337	5.90471
222.685	6.05921
222.032	5.79065
221.379	5.67593
220.727	4.5612
220.073	5.33109
219.419	6.40868
218.767	6.67857
218.114	5.33308
217.46	6.41068
216.807	5.6421
216.154	6.33507
215.5	6.02805
214.847	6.25948
214.193	3.56783
213.539	5.53004
212.885	6.03069
212.232	5.60829
211.578	5.91665
210.924	5.84039
210.271	5.95643
209.616	5.95709
208.962	5.76546
208.309	5.3815
207.654	5.1514
207	4.80591
206.345	5.46042
205.692	4.80723
205.037	4.92328
204.382	5.0778
203.729	5.92461
203.074	5.27143
202.419	5.69518
201.763	5.00353
201.11	6.08111
200.455	4.9664
199.799	4.73629
199.144	5.66003
198.49	4.42994
197.835	4.73829
197.179	5.20049
196.524	5.20115
195.87	5.62491
195.214	4.54865
194.558	5.12623
193.903	6.24228
193.248	5.2814
192.593	5.12823
191.937	5.55196
191.281	4.93725
190.626	5.66869
189.97	5.59242
189.314	6.09309
188.658	6.13222
188.002	5.78674
187.347	5.13356
186.69	4.5573
186.034	5.67333
185.378	5.71247
184.723	5.44391
184.066	6.67534
183.409	6.06063
182.753	5.67668
182.096	7.40812
181.441	7.10109
180.784	6.44792
180.127	6.79472
179.47	7.18001
178.813	5.33453
178.156	6.64289
177.5	6.37432
176.843	7.10576
176.186	7.18335
175.529	6.06863
174.871	6.22314
174.215	7.95457
173.558	7.95526
172.9	8.10976
172.243	7.91812
171.585	8.3034
170.928	6.80408
170.27	7.15089
169.614	7.45925
168.956	7.72915
168.298	7.30674
167.64	7.49972
166.982	8.03885
166.324	8.50105
165.667	7.65556
165.009	8.11777
164.351	7.88766
163.693	7.84988
163.034	7.19669
162.376	7.42813
161.717	8.23649
161.059	8.31409
160.402	8.23784
159.743	8.35388
159.085	8.08533
158.426	8.81676
157.767	8.5482
157.108	8.27964
156.449	8.28031
155.79	8.31944
155.131	9.28165
154.474	9.20539
153.815	8.39838
153.156	9.36057
152.496	8.74585
151.837	9.20807
151.178	9.09335
150.518	9.05556
149.859	8.71008
149.199	10.4415
148.54	9.28834
147.88	9.9044
147.221	10.1743
146.562	11.5596
145.903	11.1756
145.243	12.1378
144.583	11.7924
143.923	14.1776
143.263	13.6014
142.603	14.1021
141.943	17.5258
141.283	18.488
140.622	20.8733
139.962	21.6047
139.302	23.2208
138.641	23.6061
137.981	22.6068
137.32	19.1459
136.66	20.0696
135.999	17.878
135.339	17.1479
134.678	17.4563
134.017	17.7262
133.356	16.1884
132.695	16.5352
132.034	16.2282
131.373	15.9981
130.712	15.4987
130.053	16.0763
129.392	15.2693
128.73	15.7315
128.069	16.3861
127.408	15.8098
126.746	16.0028
126.085	15.1573
125.423	15.3118
124.762	16.0817
124.1	14.8132
123.437	14.7369
122.775	14.776
122.113	14.8536
121.452	14.5466
120.79	14.0088
120.128	14.8556
119.466	13.2025
118.804	13.4339
118.142	13.3577
117.479	12.8583
116.817	13.5513
116.155	13.052
115.493	13.0527
114.83	14.2456
114.168	13.1309
113.505	13.4393
112.843	12.7861
112.18	12.8637
111.517	12.7875
110.855	11.7881
110.192	12.135
109.529	11.8279
108.866	11.3286
108.203	12.1754
107.54	12.4838
106.876	13.0229
106.212	12.9082
105.549	12.4474
104.886	13.7173
104.223	13.9103
103.559	15.5263
102.896	17.6424
102.232	17.7584
101.569	20.7976
100.905	24.529
100.242	28.4528
99.5781	29.6073
98.9128	30.608
98.249	29.7625
97.5852	26.4555
96.9213	24.0331
96.2573	24.0722
95.5933	22.5729
94.9292	22.112
94.2651	22.4588
93.6009	19.5749
92.9351	19.4217
92.2708	18.2685
91.6065	18.5
90.942	17.0391
90.2776	17.5398
89.613	15.002
88.9484	16.5412
88.2838	16.1957
87.6176	14.8117
86.9528	16.1201
86.288	14.9285
85.6232	14.8522
84.9582	14.6606
84.2933	14.5459
83.6282	15.4312
82.9616	14.4318
82.2965	14.5479
81.6313	15.087
80.966	15.2416
80.3007	15.5884
79.6353	15.666
78.9684	12.8974
78.3029	14.7058
77.6374	15.7065
76.9718	14.7456
76.3061	13.4771
75.6404	14.4393
74.9731	14.5938
74.3073	15.5176
73.6414	13.9798
72.9755	14.9035
72.3095	12.8657
71.6419	13.751
70.9758	14.1748
70.3097	13.7908
69.6434	15.2915
68.9772	14.7537
68.3093	13.5236
67.6429	14.9089
66.9765	13.3711
66.31	13.5257
65.6434	13.911
64.9753	13.3732
64.3086	13.8739
63.6419	13.1053
62.9751	14.106
62.3068	13.6836
61.6399	13.3381
60.9729	12.9157
60.3059	13.3779
59.6388	13.2248
58.9702	13.3024
58.303	13.38
57.6358	13.3806
56.9685	13.2659
56.2996	13.2666
55.6322	12.575
54.9648	13.1526
54.2972	13.1533
53.6281	12.6155
52.9605	12.4238
52.2928	13.3091
51.6251	13.8483
50.9558	12.5413
50.2879	12.9266
49.62	13.0811
48.952	12.4279
48.2825	11.6594
47.6144	11.7754
46.9462	12.6607
46.2765	12.3537
45.6083	12.239
44.94	13.2012
44.2716	11.9711
43.6016	13.5487
42.9332	12.2032
42.2646	12.5116
41.5945	12.7815
40.9259	13.513
40.2571	13.5137
39.5869	11.9374
38.918	12.3996
38.2492	12.0926
37.5802	11.6318
36.9097	12.7863
36.2407	14.3639
35.5715	13.403
34.9009	13.4422
34.2316	11.6352
33.5624	13.3281
32.8915	12.9058
32.2221	12.6372
31.5527	12.3302
30.8816	11.9847
30.2121	12.2931
29.5425	12.3707
28.8713	12.5637
28.2015	10.6797
27.5317	12.7958
26.8604	13.6427
26.1905	12.6818
25.5205	11.9517
24.849	13.3755
24.1789	13.0685
23.5088	12.723
22.8371	12.0698
22.1668	13.6859
21.495	12.8789
20.8246	15.1488
20.1542	16.3418
19.4822	14.1117
18.8117	14.497
18.1411	15.5361
17.4689	13.883
16.7982	11.6529
16.1259	13.0382
15.4551	14.0004
14.7843	12.0011
14.1118	14.0787
13.4408	16.887
12.7698	18.8493
12.0972	21.7346
11.426	19.2352
10.7533	22.5436
10.082	21.6597
9.41065	20.8911
8.73774	21.3149
8.0663	22.3156
7.39328	22.7393
6.72172	23.8939
6.04858	22.5869
5.3769	25.4722
4.70517	27.5882
4.03186	38.9735
3.36002	56.628
2.68659	114.167
2.01463	359.399
1.34109	1198.48
0.669021	2372.67
-0.00310931	2929.4
-0.676821	2286.75
-1.34907	1618.33
-2.02289	908.826
-2.69525	275.134
-3.36919	113.02
-4.04167	57.6356
-4.71573	34.5978
-5.38831	26.1754
-6.06096	21.5222
-6.73519	19.2537
-7.40795	16.7544
-8.08229	16.0627
-8.75517	13.5634
-9.42963	13.7179
-10.1026	11.1802
-10.7772	12.2578
-11.4503	10.5277
-12.125	11.3361
-12.7982	10.1829
-13.473	9.52975
-14.1463	9.53044
-14.8213	10.2619
-15.4947	10.301
-16.1697	10.571
-16.8433	9.99471
-17.5185	10.3416
-18.1921	9.80378
-18.8674	9.30446
-19.5412	9.49746
-20.2166	9.69044
-20.8905	10.1527
-21.566	10.038
-22.24	10.3463
-22.9156	8.61626
-23.5897	8.30926
-24.2655	8.88686
-24.9397	9.19525
-25.6156	9.19593
-26.2899	7.58123
-26.9659	9.54345
-27.6404	9.15952
-28.3164	9.00636
-28.991	8.77628
-29.6672	8.31542
-30.3419	8.35456
-31.0182	7.54757
-31.6931	8.12517
-32.3695	8.24124
-33.046	8.4727
-33.721	7.89647
-34.3976	7.39715
-35.0727	7.05169
-35.7494	8.01391
-36.4246	7.93767
-37.1014	7.78451
-37.7768	8.20827
-38.4537	7.59358
-39.1307	8.32504
-39.8062	7.36418
-40.4833	6.71103
-41.159	7.78863
-41.8362	7.2124
-42.512	6.94386
-43.1893	6.59838
-43.8667	7.8683
-44.5426	7.2536
-45.2201	7.02353
-45.8962	7.56268
-46.5738	5.83259
-47.2515	7.14097
-47.9277	6.71859
-48.6055	6.64235
-49.2818	6.91226
-49.9598	7.02833
-50.6377	5.72134
-51.3142	5.56818
-51.9923	7.22271
-52.669	6.56955
-53.3472	6.83947
-54.0254	5.64785
-54.7022	5.61007
-55.3806	6.37999
-56.0575	5.4576
-56.736	5.45829
-57.4146	6.30514
-58.0917	7.07505
-58.7703	6.22959
-59.4491	5.42259
-60.1263	5.88482
-60.8052	6.65473
-61.4841	6.34772
-62.1615	5.19457
-62.8405	6.61834
-63.5181	5.19595
-64.1972	6.00433
-64.8764	5.00502
-65.5541	5.46725
-66.2334	4.81409
-66.9128	4.81478
-67.5907	4.70008
-68.2702	5.73923
-68.9497	5.04762
-69.6278	4.70215
-70.3075	5.51053
-70.9872	5.31892
-71.6654	5.01191
-72.3453	4.58953
-73.0252	5.39791
-73.7036	5.01398
-74.3836	5.01468
-75.0637	5.66922
-75.7438	5.05452
-76.4224	4.78597
-77.1027	5.28666
-77.783	4.86428
-78.4618	4.59574
-79.1422	4.17336
-79.8227	4.28943
-80.5017	4.32857
-81.1823	5.17542
-81.8629	4.25303
-82.5436	4.44603
-83.2229	4.52365
-83.9037	4.63973
-84.5846	4.90963
-85.264	5.37187
-85.945	3.91103
-86.626	4.48864
-87.3072	4.29703
-87.9868	4.37465
-88.668	4.64456
-89.3493	4.41449
-90.0291	4.9921
-90.7105	4.56971
-91.392	4.72425
-92.0735	5.2634
-92.7536	4.64872
-93.4352	5.03402
-94.1169	4.15009
-94.7987	4.30463
-95.479	4.53609
-96.1609	4.49832
-96.8428	4.1144
-97.5248	3.99971
-98.2053	4.73117
-98.8874	4.73186
-99.5696	5.00178
-100.252	3.84863
-100.934	5.15701
-101.615	4.6577
-102.297	4.77378
-102.98	4.12063
-103.662	3.23671
-104.343	3.00663
-105.026	3.85347
-105.709	2.39264
-106.391	2.35486
-107.074	1.97094
-107.756	2.97163
-108.438	3.08771
-109.121	2.62687
-109.805	2.39679
-110.488	2.39749
-111.169	3.24433
-111.852	1.43733
-112.536	2.5534
-113.219	2.86179
-113.902	2.63172
-114.584	2.82472
-115.268	2.67157
-115.951	3.1338
-116.635	3.01911
-117.319	2.98133
-118.003	4.3282
-118.685	3.05965
-119.369	2.82957
-120.053	2.59951
-120.737	2.52328
-121.421	2.52397
-122.103	1.90928
-122.787	3.06382
-123.472	2.79528
-124.156	3.33443
-124.84	2.33513
-125.525	2.29737
-126.209	1.49037
-126.892	1.99106
-127.577	2.56868
-128.261	2.68476
-128.946	1.95469
-129.631	2.72461
-130.316	2.60992
-131	2.03369
-131.684	3.11131
-132.369	2.76586
-133.054	2.18963
-133.739	2.45956
-134.424	1.92179
-135.109	2.23018
-135.795	2.34625
-136.48	1.73157
-137.164	2.77073
-137.849	2.34834
-138.535	2.1952
-139.22	2.04204
-139.906	2.50427
-140.592	1.85112
-141.277	2.12106
-141.963	2.08328
-142.649	1.93013
-143.335	1.9693
-144.019	1.70075
-144.706	0.547607
-145.392	2.35601
-146.078	1.20285
-146.764	0.511242
-147.45	0.973476
-148.137	0.39724
-148.823	1.09025
-149.509	1.09095
-150.196	1.51472
-150.883	1.43849
-151.569	1.24689
-152.256	0.362968
-152.941	1.44058
-153.628	0.825901
-154.315	0.941982
-155.002	0.827297
-155.689	1.28952
-156.376	0.751762
-157.063	1.44477
-157.75	0.830078
-158.437	0.984631
-159.125	0.523781
-159.812	0.716793
-160.499	1.37134
-161.187	1.2182
-161.874	1.52657
-162.562	0.988819
-163.25	0.6049
-163.937	0.374828
-164.625	1.18322
-165.313	1.53008
-166.001	1.4923
-166.689	0.569927
-167.377	1.03216
-168.065	1.57133
-168.753	1.57203
-169.441	0.611187
-170.129	0.534954
-170.818	0.804893
-171.506	0.767128
-172.194	0.613979
-172.883	1.07622
-173.571	0
-174.26	0.350803
-174.949	0.701614
-175.637	0.475498
-176.326	0.672459
-177.015	0.484814
-177.704	0.835636
-178.393	0.378746
-179.082	0.537247
-179.771	-0.265781
-180.46	1.3158
-181.149	0.0896835
-181.838	0.517429
-182.528	0.44516
-183.217	0.372898
-183.907	0.646782
-184.596	0.420685
-185.286	0.2715
-185.975	0.276157
-186.665	1.31929
-187.355	1.59318
-188.044	0.251686
-188.734	1.10251
-189.424	0.761017
-190.114	0.919525
-190.804	0.770344
-191.494	1.0827
-192.184	0.433525
-192.876	0.861271
-193.566	0.635174
-194.257	-0.129391
-194.947	0.990665
-195.637	0.80302
-196.328	0
-197.018	0.950859
-197.709	0.824795
-198.4	0.121822
-199.09	1.18806
-199.781	0.138939
-200.472	1.16671
-201.163	0.271427
-201.856	0.299175
-202.547	0.55772
-203.238	0.431664
-203.929	0.920975
-204.62	-0.320477
-205.311	0.591915
-206.003	-0.11108
-206.694	0.455158
-207.386	0.36755
-208.077	0.356846
-208.77	0
-209.462	0.580963
-210.153	0.277309
-210.845	0.896744
-211.537	0.477707
-212.229	1.02022
-212.921	1.06273
-213.613	-0.0870781
-214.305	0.72467
-214.999	0.651802
-215.691	0.540459
-216.383	-0.224709
-217.075	0.433178
-217.768	0.667995
-218.46	-0.212578
-219.152	0.0222511
-219.847	0.526306
-220.539	0.184208
-221.232	0.226723
-221.925	0
-222.617	0.393341
-223.31	0.632843
-224.005	0.526211
-224.698	0.727249
-225.391	-0.148628
-226.084	1.01395
-226.777	0.368835
-227.47	0.377579
-228.165	0.578625
-228.858	0.433533
-229.551	0.403809
-230.245	0.0279236
-230.938	0.613586
-231.632	0.314636
-232.327	0.823391
-233.021	0.293678
-233.714	0.456268
-234.408	-0.342686
-235.102	0.704521
-235.798	0.444054
-236.492	1.02972
-237.186	0
-237.88	0.52166
-238.574	1.23561
-239.27	0.0264587
-239.964	0.432716
-240.658	1.06976
-241.353	0.668316
-242.047	0.766888
-242.743	0.250034
-243.438	0.0409088
-244.132	0.600998
-244.827	0.391876
-245.523	-0.355755
-246.218	-0.180271
-246.913	0.533672
-247.608	-0.367783
-248.303	0
-248.999	-0.40382
-249.695	0.500019
-250.39	-0.288467
-251.085	-0.269249
-251.782	-0.0192261
-252.477	0.53846
-253.173	0.403828
-253.868	0.961506
-254.565	0.442318
-255.261	0.615391
-255.956	0.326916
-256.652	0
-257.35	0.533924
-258.045	0.644794
-258.741	0.447964
-259.437	0.558834
-260.135	0.746605
-260.831	0.588242
-261.527	1.19911
-262.225	0.386887
-262.921	0.959286
-263.617	-0.0067749
-264.314	-0.126682
-265.012	-0.361984
-265.708	-0.289589
-266.405	0.398205
-267.103	-0.106339
-267.8	-0.341629
-268.496	0
-269.193	0.137379
-269.892	0.0824051
-270.589	0.41209
-271.286	0.0494576
-271.984	-0.467045
-272.681	-0.0604477
-273.378	0
-274.077	-0.149998
-274.775	-0.146152
-275.472	0.319225
-276.171	-0.215389
-276.868	-0.788456
-277.566	-0.246147
-278.263	0.180767
-278.963	0.415394
-279.66	-0.542305
-280.358	0
-281.058	0.620888
-281.755	-0.0659294
-282.453	-0.214291
-283.153	-0.0164909
-283.851	0.0274734
-284.549	0.109882
-285.249	0
-285.947	0.309517
-286.647	0.619045
-287.345	0.390099
-288.044	0.199635
-288.744	0.201454
-289.443	0.35714
-290.141	0.435883
-290.841	0.283867
-291.54	0.401089
-292.239	0.40292
-292.939	0.173985
-293.638	-0.170341
-294.339	0.331486
-295.038	-0.205135
-295.737	0.450539
-296.438	0.298531
-297.137	0.800354
-297.836	1.18681
-298.537	0.150181
-299.237	0.267395
-299.938	0
-300.637	0.266491
-301.337	0.686817
-302.038	-0.50824
-302.738	0.758251
-303.439	0.293961
-304.139	-0.324173
-304.839	0.211544
-305.54	0.247261
-306.24	-0.486259
-306.942	0.357147
-307.642	0.277473
-308.342	0.928581
-309.044	0.118126
-309.745	0
-310.447	0.545456
-311.147	0.360138
-311.849	-0.171326
-312.55	-0.0874138
-313.25	0.419567
-313.953	0.157337
-314.653	0.202789
-315.356	-0.405594
-316.057	0.409084
-316.759	0.185318
-317.46	0
-318.161	0.440155
-318.864	-0.388897
-319.565	1.01279
-320.268	0.18375
-320.969	0.0854492
-321.672	-0.0512848
-322.373	-0.188053
-323.077	0.752148
-323.778	0
-324.481	-0.0879593
-325.183	-0.483509
-325.885	0.120945
-326.588	0.186813
-327.29	0.0989418
-327.993	-0.104431
-328.695	0
-329.399	0.129379
-330.101	-0.125885
-330.805	-0.111893
-331.507	0.132843
-332.211	-0.43008
-332.913	0.276203
-333.617	0.174809
-334.32	0.458023
-335.024	-0.412601
-335.726	-0.167847
-336.431	0
-337.133	-0.0598068
-337.838	-0.811954
-338.54	-0.217922
-339.245	0.145313
-339.948	0.0855026
-340.652	0.141026
-341.356	-0.0341759
-342.06	-0.401718
-342.763	0
-343.468	0.465813
-344.172	-0.0683823
-344.877	0.358967
-345.58	0.0170898
-346.285	0.482895
-346.989	-0.089756
-347.694	-0.162399
-348.399	-0.00427246
-349.103	0
-349.808	-0.0641022
-350.512	0.371777
-351.218	-0.0384789
-351.922	0.320484
-352.627	-0.0128403
-353.331	-0.76926
-354.037	-0.179512
-354.741	0.717911
-355.447	-0.423103
-356.153	0.20512
-356.858	0.487152
-357.564	0
-358.268	-0.102585
-358.975	0.256393
-359.679	0.269207
-360.386	0.128185
-361.09	-0.859013
-361.797	-0.153866
-362.503	0.320515
-363.208	0.025631
-363.915	0
-364.62	0.207661
-365.327	0.60767
-366.034	0.238461
-366.739	0.292278
-367.446	-1.52588e-005
-368.151	0.207653
-368.858	0.79998
-369.564	-0.415421
-370.271	0.561523
-370.978	0
-371.684	0.346088
-372.391	0.461494
-373.097	1.07683
-373.805	0.384552
-374.512	0.576881
-375.218	0.384533
-375.926	0.76918
-376.634	0
-377.34	0.917667
-378.048	0.83522
-378.754	-0.285583
-379.462	0.631969
-380.17	-0.296631
-380.877	0.697941
-381.585	0.269318
-382.293	0.0330238
-383	0.258347
-383.708	-0.324135
-384.415	0.555035
-385.124	0.357174
-385.832	1.00546
-386.539	0
-387.248	-0.115387
-387.956	-0.230762
-388.664	0.269234
-389.373	-0.461536
-390.081	0.269241
-390.789	0.076931
-391.498	0.42308
-392.207	7.62939e-006
-392.915	1.00001
-393.624	0
-394.333	-0.0943565
-395.041	0.657215
-395.75	-0.0525208
-396.46	0.160828
-397.168	1.33551
-397.877	0.35656
-398.587	-0.00698853
-399.295	0.97541
-400.005	0.842644
-400.715	1.24836
-401.423	0
-402.133	0.73621
-402.843	0.0493279
-403.552	0.401222
-404.262	0.90662
-404.972	0.373547
-405.682	-0.428776
-406.391	0
-407.101	-0.499996
-407.812	0
-408.521	0.576923
-409.231	0
-409.942	0.92308
-410.653	0.923077
-411.362	-0.153839
-412.073	-0.499996
-412.784	-0.0384636
-413.493	0
-414.204	0.180992
-414.915	0.285065
-415.626	0.312206
-416.336	-0.353001
-417.047	-0.172012
-417.759	0.508999
-418.47	0.343845
-419.18	0.409409
-419.891	0.705807
-420.603	0.502193
-421.313	0.875465
-422.025	0.210327
-422.737	0.622112
-423.448	0.149284
-424.159	-0.0158997
-424.871	0.665119
-425.583	0
-426.295	0.43589
-427.007	0.410236
-427.718	0.346252
-428.43	0.243668
-429.142	0.410294
-429.855	0.692303
-430.566	-0.179382
-431.278	-0.0512314
-431.991	0
-432.703	0.0714493
-433.414	-0.318783
-434.127	-0.555004
-434.84	0.708763
-435.553	-0.181286
-436.266	0.236359
-436.977	0
-437.69	0.106838
-438.404	0.0982933
-439.117	0.935898
-439.83	0.388889
-440.542	0.30344
-441.255	0.0256538
-441.969	0.478642
-442.682	-0.183743
-443.396	0
-444.108	0.420525
-444.822	0.687199
-445.535	-0.0461388
-446.249	0.489746
-446.963	0.02565
-447.676	0.600018
-448.39	0.482056
-449.104	0.748734
-449.818	0.438473
-450.532	0.205139
-451.246	0.510258
-451.959	0.507698
-452.674	0.543598
-453.388	0.00256729
-454.103	0
-454.817	-0.314106
-455.532	0.141026
-456.245	0.403854
-456.96	0.474369
-457.675	0.23719
-458.39	0.384621
-459.104	0.608986
-459.82	-0.358971
-460.535	0.365379
-461.248	-0.679478
-461.963	0.237186
-462.679	0
-463.394	1.02137
-464.109	-0.0726471
-464.825	0.179485
-465.541	0.970081
-466.255	0.106861
-466.97	-0.141003
-467.686	0.14959
-468.402	0.517101
-469.118	0
-469.833	-0.19231
-470.549	0.153847
-471.266	0.615383
-471.982	-0.115387
-472.696	0.269241
-473.412	0.423084
-474.129	0.076931
-474.845	0.153847
-475.562	-0.30769
-476.278	0.384621
-476.995	0.26923
-477.711	0.0769272
-478.428	-0.269234
-479.145	0
-479.86	-0.142883
-480.577	0.175804
-481.294	0.456013
-482.011	0.0439301
-482.728	0.016449
-483.445	0.142826
-484.162	0.65382
-484.879	0.395588
-485.597	0.560432
-486.314	0.37912
-487.031	0.313187
-487.749	0.131882
-488.466	0.450573
-489.182	0
-489.9	-0.22485
-490.618	0.011837
-491.336	-0.0591774
-492.054	0.36982
-492.771	0.452652
-493.489	-0.233738
-494.208	0.387562
-494.926	0.162708
-495.644	0.591702
-496.362	0.251469
-497.08	0.834312
-497.799	0.801769
-498.517	0
-499.236	0.548706
-499.954	0.828194
-500.673	0.492298
-501.392	0.310238
-502.11	0.782028
-502.829	-0.0538559
-503.548	1.07178
-504.267	0.812805
-504.986	0.399986
-505.705	0.717937
-506.424	0.343586
-507.144	0.776928
-507.863	0.748714
-508.581	-0.0487366
-509.3	0
-510.019	0.665379
-510.739	0.138439
-511.459	0.188438
-512.178	0.19997
-512.898	0.13459
-513.618	0.723045
-514.338	-0.0346375
-515.057	0.51535
-515.779	0.988457
-516.499	0
-517.219	1.04673
-517.939	1.01652
-518.66	0.447838
-519.38	0.53302
-520.1	0.0797272
-520.821	0.203362
-521.541	0.86544
-522.262	0.642918
-522.982	-0.233467
-523.703	0.967079
-524.424	0.282997
-525.144	0.598927
-525.865	-0.0851593
-526.586	0
-527.307	0.468319
-528.028	0.0904808
-528.749	0.251114
-529.471	0.142509
-530.192	0.226212
-530.913	0.00224304
-531.635	0.239784
-532.356	0.515808
-533.077	0.291809
-533.799	0.760151
-534.521	0.15155
-535.244	-0.0339584
-535.966	-0.219471
-536.688	0.325775
-537.409	0.409489
-538.131	0.570122
-538.853	0
-539.575	0.482498
-540.298	1.04193
-541.02	0.13982
-541.742	0.468487
-542.464	0.143307
-543.187	0.818127
-543.909	-0.23782
-544.633	1.62936
-545.356	0.150337
-546.079	0.363636
-546.801	0
-547.524	0.79187
-548.247	0.583752
-548.97	0.41407
-549.693	0.475166
-550.416	0.11319
-551.139	-0.210339
-551.864	-0.456974
-552.587	0.373352
-553.31	-0.0270958
-554.034	0.68784
-554.757	0.864319
-555.48	0.271553
-556.204	0.409557
-556.928	0.355255
-557.651	1.22403
-558.377	0.477386
-559.1	0
-559.824	0.423077
-560.548	1.03847
-561.272	0.0384636
-561.996	0.423088
-562.72	0.115383
-563.446	0.153851
-564.17	-0.384609
-564.895	0.384617
-565.619	0.076931
-566.344	0
-567.068	0.728207
-567.793	-0.15897
-568.519	0.453854
-569.244	0.374355
-569.968	1.06411
-570.693	0.138477
-571.418	-0.402554
-572.143	-0.212807
-572.87	-0.292301
-573.595	0.320518
-574.32	-0.220505
-575.045	0.969231
-575.77	0.851284
-576.496	0.310265
-577.223	0
-577.948	0.317802
-578.674	0.250988
-579.399	0.0687943
-580.125	0.540447
-580.851	0.396713
-581.578	0.560688
-582.304	0.109276
-583.03	-0.0344658
-583.756	0.514122
-584.482	0.601162
-585.21	0.611309
-585.936	-0.301651
-586.662	0.593094
-587.388	0.718594
-588.115	0.80563
-588.843	0.0850143
-589.569	0.479752
-590.296	0.951412
-591.023	0
-591.749	0.477993
-592.478	0.225258
-593.205	0.241714
-593.931	0.604332
-594.658	0.505394
-595.387	0.791138
-596.114	0.846054
-596.841	0.593285
-597.568	0.571301
-598.297	0.818565
-599.025	0.758121
-599.752	0.582275
-600.48	0.944908
-601.207	0.461372
-601.936	1.13173
-602.664	0.725132
-603.392	0.356991
-604.119	0.87347
-604.849	0.659218
-605.577	0.829548
-606.305	1.0768
-607.033	0.593288
-607.763	1.14827
-608.491	0.74168
-609.219	0.835091
-609.949	0.428547
-610.677	0.829651
-611.406	0
-612.134	1.55772
-612.865	0.192322
-613.593	0.788509
-614.322	0.615467
-615.051	0.750114
-615.781	0.346249
-616.51	0.980888
-617.239	0.653984
-617.97	0.827045
-618.699	0.730911
-619.428	0.673225
-620.157	0.615559
-620.888	0.327065
-621.617	0.654007
-622.347	0.827091
-623.078	1.07706
-623.807	1.21168
-624.537	0.192459
-625.268	0.903954
-625.998	0.577038
-626.728	0.442413
-627.458	0.807812
-628.189	0.673145
-628.919	0.615448
-629.649	0.288517
-630.381	0
-631.111	0.955326
-631.841	0.641415
-632.573	0.635178
-633.304	0.590485
-634.034	1.0458
-634.766	0.308796
-635.497	0.956421
-636.228	-0.0113449
-636.96	0.290108
-637.691	0.745415
-638.422	-0.0300446
-639.154	0.386784
-639.885	0.649788
-640.616	0.374329
-641.349	0.214241
-642.08	0.438774
-642.811	0.240242
-643.544	0.310917
-644.276	0.34314
-645.007	0.56768
-645.74	-0.130878
-646.472	0.209045
-647.205	-0.104897
-647.937	0.235023
-648.668	0.45956
-649.402	0.261005
-650.134	0.216309
-650.866	0.0177612
-651.599	0.280731
-652.331	0.159111
-653.065	0.152863
-653.797	-0.391834
-654.53	0.178837
-655.264	0.557205
-655.996	1.0125
-656.728	0.698563
-657.463	0
-658.195	-0.108395
-658.93	0.360142
-659.662	-0.248264
-660.395	0.181801
-661.13	0.188797
-661.862	-0.38113
-662.597	0.702797
-663.33	-0.251755
-664.063	0.0244637
-664.798	0.569931
-665.531	0
-666.266	0.0906715
-667	-0.164852
-667.733	0.541164
-668.468	-0.0989227
-669.202	0.953259
-669.937	0.236233
-670.671	0.249966
-671.406	0.802177
-672.14	0.700523
-672.874	0.0219383
-673.61	-0.271996
-674.344	0.395584
-675.079	-0.0137329
-675.814	0
-676.549	1.03076
-677.284	0.100002
-678.018	0.823101
-678.754	0.546165
-679.489	0.653873
-680.225	0.300018
-680.959	0.484646
-681.696	0.207718
-682.431	0.0846481
-683.167	0.730793
-683.902	0.530807
-684.639	0.138481
-685.374	1.28464
-686.109	0.392342
-686.845	-0.0769081
-687.581	0.646179
-688.318	0.0615578
-689.053	0.476936
-689.79	0.27692
-690.525	0
-691.263	0.209972
-691.998	0.458363
-692.736	0.206802
-693.471	0.76289
-694.209	1.08826
-694.945	0.6828
-695.682	0.662022
-696.418	0.410412
-697.156	0.428089
-697.892	0.291885
-698.63	1.30956
-699.366	0.981041
-700.104	-0.270512
-700.841	0.554825
-701.579	0.610973
-702.315	-0.025219
-703.054	0.761692
-703.79	0.548576
-704.529	0.450878
-705.265	0.391617
-706.004	0.255451
-706.741	0.73465
-707.479	1.17543
-708.216	0.616158
-708.955	1.05694
-709.692	0.728443
-710.431	0.361526
-711.169	1.30227
-711.908	1.20459
-712.645	0.414566
-713.384	0.663048
-714.122	1.06534
-714.861	1.08305
-715.601	0.831535
-716.338	1.38767
-717.078	0.905384
-717.816	0
-718.555	1.59464
-719.294	1.07386
-720.033	0.976192
-720.771	0.840042
-721.511	1.55006
-722.25	1.29853
-722.99	1.04702
