657.203	51.6842
656.588	42.4211
655.974	50.0526
655.359	48.3684
654.744	48.0526
654.129	46.3684
653.516	46.7895
652.901	47.3684
652.286	47.0526
651.671	46.6316
651.056	46.0526
650.44	46.4211
649.825	47.4737
649.21	46.5263
648.595	46.4737
647.979	46.6316
647.364	46.6316
646.749	46.6842
646.133	46.8947
645.518	47.7368
644.902	47.5789
644.286	46.5789
643.671	46.6316
643.055	46.7368
642.439	47.1053
641.823	47.5263
641.207	47.2632
640.591	46.8947
639.976	46.8947
639.359	47.2632
638.743	47.3684
638.127	46.5789
637.511	46.6842
636.895	46.7895
636.279	46.9474
635.662	47.2632
635.046	46.1053
634.429	46.4737
633.813	47.0526
633.196	47.0526
632.58	47.1579
631.963	46.7368
631.346	46.8947
630.73	46.4737
630.113	47.1579
629.496	46.8947
628.879	46.7895
628.262	46.7895
627.645	46.5789
627.027	47.1579
626.41	47.2105
625.793	48.6316
625.175	46.3684
624.558	46.6842
623.941	47.4211
623.324	47.1053
622.706	46.2632
622.089	47.3158
621.471	46.5789
620.854	46.8421
620.236	46.8947
619.618	47.1579
619.001	47
618.382	46.6842
617.764	46.7368
617.146	46.7368
616.528	47.1053
615.91	46.4737
615.292	47.1579
614.674	47.5263
614.056	46.7368
613.438	47.1053
612.818	46.1579
612.2	47.2632
611.582	46.5263
610.963	47
610.345	47.4211
609.727	46.8421
609.108	46.2632
608.489	46.9474
607.869	46.5263
607.251	47.1053
606.632	46.8947
606.013	47.1579
605.395	46.4211
604.776	46.9474
604.157	46.8421
603.536	47
602.917	47.2632
602.298	46.7895
601.679	46.7895
601.06	47.4737
600.441	46.4737
599.82	46.3158
599.201	46.4211
598.582	46.4737
597.962	46.7895
597.343	46.5263
596.723	46.4211
596.102	46.2632
595.483	47.4211
594.863	46.6842
594.243	46.8947
593.624	47.1053
593.002	46.7368
592.382	47.2632
591.763	46.6316
591.143	47.1579
590.523	47.1579
589.901	47.3158
589.281	47.2105
588.661	46.4737
588.041	47.7895
587.419	47.7368
586.799	45.8421
586.178	47.0526
585.558	47.6842
584.937	46.8421
584.315	47.5263
583.695	47
583.074	46.7895
582.454	47.3684
581.831	46.4737
581.211	47.2632
580.59	47.0526
579.969	47.1579
579.347	47.6316
578.726	46.8947
578.105	47.1579
577.482	47
576.861	46.8947
576.24	47.2632
575.619	47.2632
574.996	47.1053
574.375	47.0526
573.753	46.5789
573.132	47.6316
572.509	46.8421
571.887	46.9474
571.266	47
570.643	47
570.021	45.7895
569.399	45.7368
568.777	47.2105
568.154	46.9474
567.532	46.6316
566.91	46.7895
566.287	46.7895
565.665	47.1579
565.043	47.8947
564.419	46.5789
563.797	47
563.175	46.2105
562.551	46.7895
561.929	47
561.306	47.4211
560.683	47.8947
560.06	47
559.438	47.7368
558.813	46.6842
558.191	46.6842
557.568	47.3158
556.944	46.2632
556.321	46.4737
555.698	47.2105
555.074	46.2632
554.451	46.8947
553.827	46.7895
553.204	47
552.58	47.2632
551.956	46.4737
551.333	47
550.709	46.1579
550.085	46.5789
549.461	46.6316
548.836	46.9474
548.213	46.8947
547.589	46.9474
546.964	47
546.341	46.9474
545.717	47.2105
545.092	46.3158
544.468	46.7368
543.843	47.3684
543.219	47.1579
542.594	47.0526
541.97	47.1579
541.346	47.3684
540.72	47.6842
540.096	46.9474
539.471	47
538.846	46.8421
538.222	46.1579
537.596	46.8947
536.972	46.9474
536.346	47
535.722	46.6316
535.096	47.2632
534.471	46.421
533.845	47.0526
533.22	46.6316
532.596	46
531.969	46.9474
531.344	46.7895
530.718	47.5263
530.093	46.9474
529.467	47.1053
528.842	46.2632
528.215	46.2105
527.59	46.4737
526.963	46.7895
526.338	46
525.711	47.2105
525.086	47.4211
524.459	47.2632
523.834	46.3684
523.207	47.3158
522.581	46.6316
521.956	47.4211
521.329	46.9474
520.703	46.3684
520.076	47.1579
519.45	47.0526
518.823	46.6316
518.195	46.5789
517.569	47
516.942	46.4737
516.316	46.6842
515.688	45.9474
515.062	47.5789
514.434	47.4211
513.808	47.2632
513.18	47.2632
512.554	46.5263
511.926	46.8947
511.3	46.8421
510.672	46.4737
510.045	47
509.417	47.2632
508.79	46.2632
508.162	46.6842
507.534	47.3158
506.907	46.5789
506.279	47.5263
505.652	48.2105
505.023	47.0526
504.396	47.3158
503.768	47.1579
503.139	47.7368
502.512	47.0526
501.883	47
501.256	45.8421
500.627	46.6842
500	46.8947
499.371	46.5263
498.742	46.6316
498.114	47.2632
497.485	46.9474
496.858	47.0526
496.228	46.8421
495.599	47.579
494.971	46.6842
494.342	47.2105
493.714	47.2632
493.085	46.8947
492.455	46.6842
491.827	46.8947
491.198	47.0526
490.568	47.7895
489.94	47.1053
489.31	47.2632
488.682	46.8421
488.052	47
487.422	46.8421
486.794	46.6316
486.164	47.4211
485.534	48
484.905	46.4737
484.275	47.6842
483.645	46.7368
483.016	47.6316
482.385	47.3158
481.755	47
481.126	47.0526
480.496	46.9474
479.867	47.5263
479.236	46.9474
478.606	46.5789
477.975	46.5263
477.346	46.421
476.715	46.6316
476.084	46.8421
475.455	47.6842
474.824	46.8421
474.193	47.0526
473.563	47.2105
472.932	46.4211
472.301	47
471.671	47.8947
471.04	46.6842
470.409	47.3684
469.777	47.1579
469.147	46.8421
468.516	46.7368
467.885	47.2632
467.254	47.4211
466.623	47.579
465.991	46.9474
465.359	47.0526
464.729	47.0526
464.097	46.5263
463.466	47.1579
462.835	46.1579
462.203	46.8421
461.571	47.3158
460.939	47.3684
460.308	47.2105
459.676	46.6842
459.044	47.2632
458.412	46.8421
457.781	47.3158
457.149	46.7368
456.516	47.2105
455.884	47.6316
455.253	47.5263
454.62	47.1579
453.987	47.4737
453.355	47.0526
452.722	48.1579
452.091	47.4737
451.458	47.4737
450.825	47.3158
450.192	47.2632
449.56	47.7368
448.927	47.5263
448.294	46.6842
447.661	46.5789
447.028	47.1053
446.396	47.1579
445.763	47.3158
445.129	46.8947
444.496	48.3684
443.862	47.9474
443.23	47.2632
442.597	47.1053
441.963	46.6842
441.33	47.9474
440.696	47.1053
440.062	46.8947
439.43	47.0526
438.796	47.5263
438.162	47.4211
437.528	47.8947
436.894	47.1579
436.26	47.8421
435.627	47.5263
434.993	48.0526
434.359	47.8421
433.724	46.5263
433.09	47.3158
432.456	47.3158
431.821	48
431.188	46.3158
430.553	46.3684
429.919	48
429.284	47.5263
428.649	47.0526
428.015	47.3158
427.38	47.7368
426.746	47.0526
426.111	47.2632
425.477	48.3158
424.841	47.6842
424.206	46.9474
423.571	47.2105
422.936	46.4211
422.301	47.8421
421.665	47.1053
421.03	46.0526
420.396	47.1053
419.761	47.4737
419.125	46.8421
418.49	45.7895
417.854	47.8947
417.218	47.1579
416.583	47.5263
415.947	47.3158
415.311	47.6842
414.675	46.2632
414.039	46.6316
413.403	47.2631
412.769	48.2105
412.133	47.421
411.496	47.3158
410.86	46.7368
410.224	46.8421
409.588	47.6316
408.951	47.2632
408.315	47.3684
407.679	47.0526
407.042	47.0526
406.406	47.2105
405.769	47.3158
405.132	47.3158
404.496	47.6316
403.859	46.6316
403.222	47.2105
402.585	46.5263
401.948	47.3684
401.311	46.6316
400.674	47.4211
400.037	46.7368
399.4	47.9474
398.763	46.6316
398.125	46.5263
397.488	47.6842
396.851	46.9474
396.213	47.5789
395.576	46.9474
394.938	47.8947
394.301	47.1579
393.663	47.2105
393.026	46.7368
392.388	47.2105
391.75	46.7895
391.112	46.7368
390.474	47.5263
389.837	46.8947
389.199	47.5789
388.561	46.7368
387.922	47.3684
387.284	46.9474
386.646	47.1053
386.008	46.8421
385.37	47.2632
384.731	47.1579
384.093	47.2632
383.454	46.8421
382.816	46.4211
382.177	46.7368
381.539	47.1579
380.9	46.8421
380.261	47.1579
379.622	47.0526
378.982	46.5263
378.343	47.7895
377.704	48
377.065	46.8947
376.426	47.5789
375.787	47.3158
375.148	46.6316
374.509	47.2105
373.87	47.1053
373.23	46.9474
372.591	47.4737
371.952	48
371.312	47.1053
370.671	47.5263
370.032	47.4737
369.392	47.6842
368.752	47.8421
368.113	47.6842
367.473	47.421
366.833	47.5263
366.193	48.1579
365.553	47.2631
364.912	47.6316
364.272	47.3684
363.632	47.4211
362.991	46.6842
362.351	47.6842
361.711	46.7368
361.071	46.6316
360.43	47.3158
359.788	48.1053
359.148	48
358.507	47.4211
357.867	48.4737
357.226	47.7368
356.585	47.8421
355.943	47.579
355.303	47.0526
354.662	47.3158
354.021	47.3684
353.38	47.2632
352.739	47.6316
352.098	47.3158
351.455	48
350.814	47.5789
350.173	47.4211
349.532	47.6842
348.89	47.7895
348.247	48.0526
347.606	47.3158
346.964	48.3684
346.323	46.9474
345.681	48.1053
345.038	47.2105
344.397	47.7895
343.755	47.7368
343.113	46.4737
342.471	47.4211
341.828	48.2632
341.186	47.3684
340.544	47.9474
339.902	47.9474
339.26	48.1579
338.616	47
337.974	48.1579
337.331	47.3684
336.689	47.1053
336.045	46.8947
335.403	47
334.76	47
334.118	47.0526
333.475	48.3158
332.831	47.0526
332.188	47.7895
331.546	46.9474
330.903	48.1053
330.258	47.6316
329.616	47.2105
328.973	47.3158
328.33	47.1053
327.685	47.2105
327.042	47.2632
326.399	47.0526
325.754	47.2105
325.111	47.6842
324.467	47.2105
323.824	47.8421
323.179	47.4737
322.535	47.8421
321.892	47.5789
321.247	46.6842
320.603	48.0526
319.959	48.1053
319.316	47.3684
318.67	47.7895
318.026	48.1579
317.383	47.9474
316.737	46.8421
316.093	47.5263
315.449	47.0526
314.803	48.3158
314.159	47.5789
313.515	48.2632
312.871	48.4211
312.225	46.6842
311.58	48.1579
310.936	47.6316
310.29	47.9474
309.645	48.5263
309.001	47.7368
308.354	49.1579
307.71	47.5789
307.065	47.5789
306.419	48.2105
305.774	47.4211
305.129	48.1053
304.482	48.1579
303.837	48.579
303.191	48.0526
302.545	49.0526
301.9	48
301.253	47.1579
300.608	49.1579
299.963	48.4737
299.316	48.2105
298.67	48.7368
298.025	48.2105
297.378	49.1579
296.732	48.7368
296.085	47.7368
295.439	48.7368
294.793	49
294.146	48.3684
293.5	48.2105
292.853	48.1053
292.206	48.1053
291.56	48.8421
290.913	49
290.267	48.7895
289.619	48.1053
288.973	48.9474
288.326	48.5263
287.678	48.1053
287.032	48.0526
286.384	48.5789
285.737	49.2632
285.091	48.1053
284.442	48.9474
283.796	48.4737
283.147	49.3158
282.501	47.9474
281.852	48.7895
281.205	49
280.557	49.0526
279.91	49.3684
279.263	48.7368
278.614	49.5789
277.967	49.3158
277.318	49.2632
276.671	48.4211
276.022	48.3158
275.374	48.7895
274.725	48.3158
274.078	49.5263
273.429	49.3158
272.781	49.1579
272.133	49.3684
271.484	49.4211
270.836	49.3684
270.187	49.3158
269.539	48.7895
268.89	50
268.242	49.5789
267.592	48.8421
266.944	50.8947
266.294	49.7895
265.646	48.8421
264.996	50.1579
264.348	50.1579
263.698	50.2632
263.05	49.5263
262.4	50
261.751	50.1579
261.101	51.7369
260.452	50.3684
259.802	49.7895
259.153	49.7895
258.503	50.3158
257.854	50.7895
257.204	50.4737
256.553	50.3158
255.904	49.7368
255.253	50.8421
254.604	52.3684
253.954	50.7368
253.304	50.6842
252.653	51.9474
252.004	51
251.353	51.1053
250.704	52.1053
250.053	52.1579
249.402	51.1579
248.752	53.6842
248.101	52.8421
247.451	51.9474
246.8	51.5263
246.15	50.8421
245.498	51.1579
244.848	51.3684
244.197	52.4737
243.545	50.7895
242.895	51.1579
242.243	51.4737
241.593	51.7368
240.941	52.1053
240.29	51.3158
239.639	50.2105
238.987	51.7368
238.337	50.6842
237.685	51.1579
237.032	51.5263
236.382	51.1579
235.73	50.5789
235.079	50.3158
234.426	51.6316
233.774	51.1053
233.123	52.0526
232.471	50
231.819	50.1579
231.167	51.7368
230.514	50.2105
229.863	51.6316
229.21	51
228.557	50.5789
227.906	50.3684
227.253	50.6316
226.6	50.7368
225.948	49.9474
225.295	50.7368
224.644	51.7368
223.99	50.8947
223.337	50.9474
222.685	49.6842
222.032	50.5789
221.379	50.4737
220.727	50.7895
220.073	49.8421
219.419	49.8947
218.767	50.2632
218.114	50.8947
217.46	50.5263
216.807	49.5263
216.154	50.7895
215.5	50.1579
214.847	49.1053
214.193	50.7895
213.539	51.5263
212.885	50.3158
212.232	50.5789
211.578	50.3158
210.924	49.8947
210.271	50.1579
209.616	50.3158
208.962	51.4211
208.309	50.4737
207.654	50.3158
207	51.0526
206.345	50.7895
205.692	51.0526
205.037	50.7368
204.382	50.8947
203.729	51
203.074	50.2105
202.419	50.3684
201.763	50.5263
201.11	51
200.455	50.7368
199.799	50.4211
199.144	50.1053
198.49	50.6316
197.835	50.5263
197.179	50.8947
196.524	51.1053
195.87	50.6842
195.214	50.7368
194.558	51.5263
193.903	50.9474
193.248	51.1053
192.593	51.6316
191.937	51.1053
191.281	52
190.626	50.4737
189.97	52.1579
189.314	51
188.658	51.3684
188.002	51.1053
187.347	51.4737
186.69	51.7895
186.034	52.4737
185.378	52.8421
184.723	52.5789
184.066	52.1053
183.409	52.3158
182.753	52.7895
182.096	52
181.441	52.7368
180.784	53
180.127	53.7895
179.47	54
178.813	53.7895
178.156	54.6842
177.5	53.9474
176.843	53.8421
176.186	54.3684
175.529	54.0526
174.871	54.0526
174.215	53.6842
173.558	53.9474
172.9	54.6842
172.243	56
171.585	56.1579
170.928	54
170.27	55.8421
169.614	55.7368
168.956	56
168.298	57.2632
167.64	55.3684
166.982	55.6842
166.324	56.3158
165.667	57.1579
165.009	57.3158
164.351	57.7895
163.693	58
163.034	56.3158
162.376	57.4737
161.717	57.5263
161.059	58.8947
160.402	59.1579
159.743	60.6316
159.085	59.3158
158.426	59.6842
157.767	60.0526
157.108	60
156.449	62.2105
155.79	60.6316
155.131	61.5789
154.474	62.3684
153.815	62.6842
153.156	62.5789
152.496	64.0526
151.837	63.8421
151.178	65.8421
150.518	66
149.859	67.8947
149.199	69.0526
148.54	70.5263
147.88	69.8421
147.221	75.2105
146.562	76.5263
145.903	80.2105
145.243	83.7895
144.583	88.2105
143.923	91.6316
143.263	103.263
142.603	110.053
141.943	122.684
141.283	134.421
140.622	153.474
139.962	168.579
139.302	182.053
138.641	200.579
137.981	200.526
137.32	200.526
136.66	191
135.999	176.211
135.339	161.789
134.678	151
134.017	139.579
133.356	126.158
132.695	125
132.034	119.579
131.373	113.895
130.712	111.526
130.053	108.105
129.392	108.842
128.73	104.579
128.069	103
127.408	102.158
126.746	100.368
126.085	95.4211
125.423	93.1579
124.762	92.2632
124.1	91.6316
123.437	90.6316
122.775	87.4211
122.113	87.3684
121.452	84.4737
120.79	85.5789
120.128	83.5789
119.466	82.8421
118.804	79.8947
118.142	81.5789
117.479	81.8421
116.817	81.421
116.155	79.5263
115.493	81.5263
114.83	82.2105
114.168	80.2105
113.505	82.1579
112.843	83.4211
112.18	83.2632
111.517	84.2105
110.855	80.7368
110.192	85.8947
109.529	85.3684
108.866	88.5789
108.203	91.5789
107.54	93.8421
106.876	96.7895
106.212	99.4211
105.549	103.421
104.886	109.105
104.223	118.053
103.559	127.632
102.896	144.632
102.232	167.421
101.569	198.158
100.905	239.158
100.242	283.684
99.5781	323.474
98.9128	355
98.249	353.21
97.5852	324.789
96.9213	296.316
96.2573	269.421
95.5933	254.263
94.9292	235.789
94.2651	222.579
93.6009	208.789
92.9351	197.684
92.2708	179.632
91.6065	163.632
90.942	155.579
90.2776	143.579
89.613	135.263
88.9484	125.632
88.2838	116.737
87.6176	109.421
86.9528	107.947
86.288	102
85.6232	100.368
84.9582	95.5263
84.2933	92.2105
83.6282	86.5263
82.9616	85.6842
82.2965	82.2632
81.6313	79.6316
80.966	79.3158
80.3007	75.5789
79.6353	74.9474
78.9684	72.5789
78.3029	72.4211
77.6374	72.7368
76.9718	69.3158
76.3061	69
75.6404	69.8421
74.9731	67.9474
74.3073	68.5789
73.6414	69.6842
72.9755	70.4211
72.3095	69.8421
71.6419	68.8947
70.9758	70.5789
70.3097	69.0526
69.6434	70.5789
68.9772	70.0526
68.3093	69.4737
67.6429	69.6316
66.9765	68.7368
66.31	69.7895
65.6434	69.6842
64.9753	69.7368
64.3086	70.1579
63.6419	71.4737
62.9751	69.4737
62.3068	70.4211
61.6399	70.6316
60.9729	69.4737
60.3059	71.0526
59.6388	70.6842
58.9702	70.5263
58.303	71.1053
57.6358	73
56.9685	71.4737
56.2996	71.7895
55.6322	69.7895
54.9648	69.1053
54.2972	68.4211
53.6281	70.1579
52.9605	70.1053
52.2928	68.3158
51.6251	72.1579
50.9558	68.8947
50.2879	70.7895
49.62	70.6842
48.952	69.2632
48.2825	69.8421
47.6144	69.6316
46.9462	70.5263
46.2765	70.4211
45.6083	68.6316
44.94	72.7895
44.2716	74
43.6016	72.3684
42.9332	70.5263
42.2646	70.3158
41.5945	71.7895
40.9259	72.5263
40.2571	75.8421
39.5869	72.5263
38.918	69.7895
38.2492	74.3684
37.5802	79.6842
36.9097	80.0526
36.2407	77.6316
35.5715	80.1053
34.9009	78.2105
34.2316	81.4737
33.5624	81.3684
32.8915	82.8421
32.2221	82.1579
31.5527	85.7368
30.8816	87.8421
30.2121	87.8947
29.5425	87.5789
28.8713	86.3158
28.2015	94.2632
27.5317	97.4211
26.8604	96.1053
26.1905	99
25.5205	105.211
24.849	104.211
24.1789	109.632
23.5088	117.421
22.8371	123.684
22.1668	144.158
21.495	173.737
20.8246	210.211
20.1542	278.789
19.4822	354.263
18.8117	418.368
18.1411	451.842
17.4689	455.263
16.7982	472.211
16.1259	524.421
15.4551	578.316
14.7843	611.368
14.1118	672.632
13.4408	713.947
12.7698	710.211
12.0972	679.368
11.426	679.579
10.7533	662.263
10.082	622.105
9.41065	600.684
8.73774	613.895
8.0663	662.316
7.39328	795.737
6.72172	926.579
6.04858	1111.89
5.3769	1476.58
4.70517	2202.11
4.03186	3877.53
3.36002	8624.26
2.68659	26269.6
2.01463	64540
1.34109	64540
0.669021	64540
-0.00310931	64540
-0.676821	64540
-1.34907	64540
-2.02289	64540
-2.69525	31311
-3.36919	8154.26
-4.04167	3109.26
-4.71573	1675.79
-5.38831	1232.26
-6.06096	1028.74
-6.73519	906.947
-7.40795	814.947
-8.08229	755.474
-8.75517	717.474
-9.42963	669.105
-10.1026	607.053
-10.7772	547.316
-11.4503	486.737
-12.125	404.842
-12.7982	333.895
-13.473	279.842
-14.1463	221.789
-14.8213	191.263
-15.4947	169.579
-16.1697	150.211
-16.8433	142.211
-17.5185	132
-18.1921	125.105
-18.8674	118.737
-19.5412	114.053
-20.2166	110.895
-20.8905	106.895
-21.566	105.421
-22.24	102.684
-22.9156	98
-23.5897	96.9474
-24.2655	99.8421
-24.9397	96.2632
-25.6156	94.0526
-26.2899	94.9474
-26.9659	90.7895
-27.6404	85.3158
-28.3164	81.5263
-28.991	81.7895
-29.6672	79.6316
-30.3419	79.4211
-31.0182	80.2632
-31.6931	78.6842
-32.3695	79.8947
-33.046	80.1579
-33.721	77.4211
-34.3976	76.421
-35.0727	74.7368
-35.7494	74.4211
-36.4246	74.1579
-37.1014	73.6316
-37.7768	73.3684
-38.4537	72.1579
-39.1307	70.5789
-39.8062	70.8421
-40.4833	70.1053
-41.159	71.1579
-41.8362	71
-42.512	70.5789
-43.1893	71.6316
-43.8667	69.9474
-44.5426	68.5263
-45.2201	67.9474
-45.8962	66.8947
-46.5738	68.4737
-47.2515	67.3158
-47.9277	68.7368
-48.6055	68.8421
-49.2818	69.8947
-49.9598	67.7368
-50.6377	70.1053
-51.3142	67.6316
-51.9923	67.4737
-52.669	68.1053
-53.3472	67.8947
-54.0254	65.8421
-54.7022	67.2105
-55.3806	67.5789
-56.0575	67.3684
-56.736	67.0526
-57.4146	67.0526
-58.0917	66.7368
-58.7703	67.7368
-59.4491	68.9474
-60.1263	67.7895
-60.8052	67.8421
-61.4841	67.7895
-62.1615	67
-62.8405	67.6842
-63.5181	67.1579
-64.1972	65.1053
-64.8764	66.9474
-65.5541	67.5263
-66.2334	66.2105
-66.9128	66.7895
-67.5907	66.3158
-68.2702	65.1053
-68.9497	65.4211
-69.6278	66
-70.3075	65.8421
-70.9872	65.1053
-71.6654	65.9474
-72.3453	66.4211
-73.0252	65.9474
-73.7036	64.8421
-74.3836	65.1053
-75.0637	64.3684
-75.7438	65.9474
-76.4224	66
-77.1027	65.5789
-77.783	65.3684
-78.4618	64.5789
-79.1422	65
-79.8227	65.6316
-80.5017	64.9474
-81.1823	66.1053
-81.8629	65.1053
-82.5436	66.7895
-83.2229	67.1053
-83.9037	67.3158
-84.5846	68.7895
-85.264	69.0526
-85.945	68.0526
-86.626	71.5263
-87.3072	69.3684
-87.9868	71.8421
-88.668	72.8421
-89.3493	73.8947
-90.0291	74.9474
-90.7105	76.5263
-91.392	76.6842
-92.0735	80.6316
-92.7536	83.1053
-93.4352	85.1579
-94.1169	85.6316
-94.7987	89.8421
-95.479	92.6316
-96.1609	94.2632
-96.8428	94.5789
-97.5248	96.9474
-98.2053	100.526
-98.8874	106.474
-99.5696	110.895
-100.252	108.053
-100.934	101.474
-101.615	96.2632
-102.297	87
-102.98	80.7368
-103.662	75.1053
-104.343	71.8947
-105.026	69.9474
-105.709	68.6316
-106.391	67.6316
-107.074	66.4211
-107.756	64.5789
-108.438	64.5263
-109.121	63.7368
-109.805	63.7895
-110.488	64
-111.169	63.0526
-111.852	62.9474
-112.536	61.6316
-113.219	62.4211
-113.902	62.3158
-114.584	61.2105
-115.268	62.0526
-115.951	60.7895
-116.635	60.9474
-117.319	60.6842
-118.003	61
-118.685	60.8947
-119.369	61.7368
-120.053	59.9474
-120.737	61.7368
-121.421	60.5263
-122.103	62.2105
-122.787	60.7368
-123.472	61.4211
-124.156	60.7895
-124.84	61.1053
-125.525	61.4737
-126.209	61.5789
-126.892	61.7368
-127.577	61.3684
-128.261	62
-128.946	61.4211
-129.631	62.2105
-130.316	61.8947
-131	62.4211
-131.684	63
-132.369	63
-133.054	62.8947
-133.739	63.7895
-134.424	65
-135.109	64
-135.795	65.5263
-136.48	66.2105
-137.164	68.4211
-137.849	69.7368
-138.535	69.8947
-139.22	69.3158
-139.906	69.3684
-140.592	65.9474
-141.277	64.5789
-141.963	64
-142.649	63
-143.335	60.5263
-144.019	61.1579
-144.706	58.4737
-145.392	58.1579
-146.078	57.8421
-146.764	58.9474
-147.45	57.7369
-148.137	57.0526
-148.823	57.4211
-149.509	57.0526
-150.196	57.7895
-150.883	56.8421
-151.569	56.3158
-152.256	56.6842
-152.941	56.3158
-153.628	56.2632
-154.315	56.6842
-155.002	56.7368
-155.689	56.5789
-156.376	55.4211
-157.063	55.6842
-157.75	56.5263
-158.437	56.7368
-159.125	56.1579
-159.812	56.4737
-160.499	54.7368
-161.187	55.7895
-161.874	55.6316
-162.562	55.3684
-163.25	55.579
-163.937	55.2632
-164.625	55.1579
-165.313	55.0526
-166.001	55.7368
-166.689	55
-167.377	56.0526
-168.065	57.3158
-168.753	54.7368
-169.441	55.5263
-170.129	54.7368
-170.818	55.3684
-171.506	54.8421
-172.194	55.2105
-172.883	54.6316
-173.571	54.5263
-174.26	55.5789
-174.949	54.1579
-175.637	55.2632
-176.326	55.3158
-177.015	54.8947
-177.704	55
-178.393	54.4211
-179.082	54.2632
-179.771	54.1579
-180.46	54.1579
-181.149	54.6316
-181.838	54.9474
-182.528	54.9474
-183.217	54.2105
-183.907	53.3158
-184.596	52.9474
-185.286	54.5789
-185.975	53.7895
-186.665	54.4211
-187.355	54.3158
-188.044	53.9474
-188.734	54.2105
-189.424	53.1579
-190.114	53.9474
-190.804	53.3158
-191.494	54
-192.184	53.579
-192.876	54.0526
-193.566	53.7368
-194.257	54.3684
-194.947	54.3684
-195.637	54.1053
-196.328	54.6842
-197.018	52.7895
-197.709	53
-198.4	53.1053
-199.09	53.6842
-199.781	53.7895
-200.472	53.5263
-201.163	53.5789
-201.856	53.7368
-202.547	53.5263
-203.238	53.4737
-203.929	52.9474
-204.62	53.3158
-205.311	53.4737
-206.003	52.9474
-206.694	54.1579
-207.386	53.1579
-208.077	53.4737
-208.77	53.0526
-209.462	52.8421
-210.153	53.2105
-210.845	52.8421
-211.537	52.7368
-212.229	53.2105
-212.921	52.8421
-213.613	52.1053
-214.305	53.1053
-214.999	52.4211
-215.691	52.2105
-216.383	53.8421
-217.075	52.3158
-217.768	53.5263
-218.46	53.1579
-219.152	53.6316
-219.847	52.7895
-220.539	52.6842
-221.232	53.1579
-221.925	52.7895
-222.617	52.5789
-223.31	53.3684
-224.005	52.2632
-224.698	52.6842
-225.391	53
-226.084	51.9474
-226.777	52.5789
-227.47	52.4211
-228.165	51.7895
-228.858	51.7895
-229.551	52.3684
-230.245	52.6316
-230.938	51.7895
-231.632	52.5789
-232.327	52.5789
-233.021	53.4211
-233.714	52.1053
-234.408	52.0526
-235.102	52.2105
-235.798	52
-236.492	52.4211
-237.186	51.8947
-237.88	53.1053
-238.574	52.0526
-239.27	52.0526
-239.964	52.2105
-240.658	51.9474
-241.353	52.1579
-242.047	52.3158
-242.743	52.5789
-243.438	52.7368
-244.132	53
-244.827	51.8947
-245.523	51.6316
-246.218	51.8947
-246.913	52.4737
-247.608	51.7895
-248.303	51.5263
-248.999	52.2105
-249.695	51.7368
-250.39	52.4737
-251.085	51.5263
-251.782	51.7895
-252.477	52.1579
-253.173	51.4737
-253.868	51.6316
-254.565	51.4211
-255.261	51.3158
-255.956	51.8947
-256.652	51.579
-257.35	51.7895
-258.045	52.1579
-258.741	51.7368
-259.437	52
-260.135	51.6316
-260.831	51.7895
-261.527	51.8421
-262.225	51.2105
-262.921	51.2105
-263.617	51.5789
-264.314	51.0526
-265.012	52.5789
-265.708	51.0526
-266.405	51.5789
-267.103	52.9474
-267.8	51.8947
-268.496	51.8947
-269.193	50.8947
-269.892	51.8421
-270.589	51.4211
-271.286	51.6842
-271.984	51.2632
-272.681	51.7895
-273.378	50.8421
-274.077	51.4211
-274.775	50.6842
-275.472	51.8421
-276.171	52.2105
-276.868	51.3158
-277.566	51.6316
-278.263	51.7895
-278.963	51.5789
-279.66	51.0526
-280.358	52.2632
-281.058	51.0526
-281.755	51.3158
-282.453	51.6842
-283.153	51.7895
-283.851	51.6316
-284.549	51.6842
-285.249	50.9474
-285.947	51.6316
-286.647	51.5263
-287.345	51.2632
-288.044	51.5789
-288.744	52
-289.443	51.8947
-290.141	50.9474
-290.841	50.4737
-291.54	50.8947
-292.239	51.7368
-292.939	51.3158
-293.638	51.1579
-294.339	50.6842
-295.038	51.4211
-295.737	51.3684
-296.438	51.8421
-297.137	51.5263
-297.836	50.8421
-298.537	50.2105
-299.237	50.7895
-299.938	51.1053
-300.637	50.4737
-301.337	50.8421
-302.038	51.5789
-302.738	51.5263
-303.439	50.2105
-304.139	50.3684
-304.839	50.7895
-305.54	50.6842
-306.24	50.7895
-306.942	50.7895
-307.642	51.6316
-308.342	50.6842
-309.044	50.8421
-309.745	50.1579
-310.447	50.3158
-311.147	51.4737
-311.849	50.7368
-312.55	50.5789
-313.25	51
-313.953	50.5263
-314.653	50.4211
-315.356	50.6842
-316.057	50.4211
-316.759	51.2632
-317.46	50.6842
-318.161	50.579
-318.864	51.0526
-319.565	50.5789
-320.268	50.0526
-320.969	51.5789
-321.672	51.2632
-322.373	50.3158
-323.077	50.0526
-323.778	49.8947
-324.481	50.8947
-325.183	50.4737
-325.885	50.1053
-326.588	50.2105
-327.29	50
-327.993	50.7895
-328.695	50.4211
-329.399	50.7368
-330.101	50.0526
-330.805	50.4737
-331.507	49.9474
-332.211	49.9474
-332.913	50.2631
-333.617	50.5789
-334.32	50.4737
-335.024	50.1579
-335.726	50.579
-336.431	51.1053
-337.133	49.4737
-337.838	50.4737
-338.54	50.5263
-339.245	48.9474
-339.948	49.5263
-340.652	50.4737
-341.356	50.1053
-342.06	50.2105
-342.763	50.6842
-343.468	50.3684
-344.172	49.8947
-344.877	50.6842
-345.58	49.5789
-346.285	50.3158
-346.989	50.6316
-347.694	49.4211
-348.399	50.6316
-349.103	50.2105
-349.808	50.5263
-350.512	50.0526
-351.218	50.0526
-351.922	49.1053
-352.627	49.7368
-353.331	50.0526
-354.037	49.8421
-354.741	50.3158
-355.447	48.8947
-356.153	50.7368
-356.858	49.5789
-357.564	49.4737
-358.268	49.6842
-358.975	50.3684
-359.679	50.2105
-360.386	49.421
-361.09	49.8947
-361.797	50.1053
-362.503	49.6842
-363.208	50
-363.915	49.3684
-364.62	50.2632
-365.327	49.6842
-366.034	50.1053
-366.739	50
-367.446	49.3684
-368.151	49.4737
-368.858	49.6842
-369.564	49
-370.271	49.5263
-370.978	49
-371.684	49.7368
-372.391	49.5789
-373.097	49.5263
-373.805	49.8421
-374.512	49.1053
-375.218	49.8947
-375.926	49.4737
-376.634	49.5263
-377.34	50.3158
-378.048	49.1579
-378.754	49.3158
-379.462	49.3158
-380.17	49.3158
-380.877	49.4211
-381.585	48.9474
-382.293	48.8947
-383	49.2632
-383.708	49.4737
-384.415	49.7368
-385.124	49.3158
-385.832	49.8947
-386.539	49.5789
-387.248	49.1579
-387.956	49.5789
-388.664	49.0526
-389.373	49.1579
-390.081	49.8421
-390.789	49.5263
-391.498	49.5263
-392.207	49
-392.915	49.5263
-393.624	48.8421
-394.333	49.8947
-395.041	49.2105
-395.75	49.8421
-396.46	49.2632
-397.168	48.8947
-397.877	49.1053
-398.587	49.5789
-399.295	50
-400.005	49
-400.715	48.8947
-401.423	48.4737
-402.133	49.2105
-402.843	48.7895
-403.552	49.3158
-404.262	49.6316
-404.972	49.0526
-405.682	49.7895
-406.391	49.3158
-407.101	49.2632
-407.812	49.2632
-408.521	49.3684
-409.231	49
-409.942	50.3158
-410.653	49.7368
-411.362	49.4211
-412.073	49.5789
-412.784	49.2632
-413.493	48.8421
-414.204	49.0526
-414.915	49.2632
-415.626	48.8421
-416.336	48.6316
-417.047	49.6842
-417.759	48.7895
-418.47	48.8421
-419.18	48.6842
-419.891	49.4737
-420.603	48.6316
-421.313	48.5263
-422.025	48.9474
-422.737	48.6842
-423.448	48.8947
-424.159	49.5263
-424.871	48.6316
-425.583	49.2632
-426.295	48.5789
-427.007	48.7368
-427.718	49.0526
-428.43	49.6316
-429.142	48.6316
-429.855	48.7368
-430.566	49
-431.278	49.1579
-431.991	48.9474
-432.703	49.1579
-433.414	48.6316
-434.127	48.5789
-434.84	48.4211
-435.553	49.1579
-436.266	49.2632
-436.977	49.4211
-437.69	49.2105
-438.404	48.7368
-439.117	48
-439.83	47.8947
-440.542	48.9474
-441.255	48.3684
-441.969	48.4737
-442.682	48.7368
-443.396	49.1579
-444.108	49.2632
-444.822	48.1579
-445.535	48.4737
-446.249	49.1053
-446.963	49.2632
-447.676	49.0526
-448.39	48.2105
-449.104	48.3684
-449.818	48.9474
-450.532	48.3684
-451.246	48.5263
-451.959	48.4737
-452.674	48.8947
-453.388	48.8947
-454.103	48.6316
-454.817	47.4211
-455.532	48.3684
-456.245	48.6842
-456.96	48.8421
-457.675	48.579
-458.39	48.7368
-459.104	48.6316
-459.82	48.4737
-460.535	48.7895
-461.248	48.0526
-461.963	49.0526
-462.679	49.2105
-463.394	47.7368
-464.109	49.1053
-464.825	48.6842
-465.541	49
-466.255	48.9474
-466.97	48.4211
-467.686	48.4737
-468.402	48.4737
-469.118	48.3158
-469.833	48.2632
-470.549	47.8421
-471.266	49.1053
-471.982	48.4737
-472.696	48.2632
-473.412	48.1053
-474.129	48.4737
-474.845	48.3684
-475.562	47.8947
-476.278	48.579
-476.995	48.4737
-477.711	48.6316
-478.428	48.5789
-479.145	48
-479.86	48.4737
-480.577	48.4211
-481.294	48
-482.011	48.3684
-482.728	48.1053
-483.445	47.8947
-484.162	49.1053
-484.879	48.3158
-485.597	47.8421
-486.314	48.6842
-487.031	49.2632
-487.749	48.5789
-488.466	48.2105
-489.182	48.5789
-489.9	48.2632
-490.618	48.4737
-491.336	48.4737
-492.054	48.2632
-492.771	48.6842
-493.489	47.6316
-494.208	48
-494.926	48.9474
-495.644	48.3158
-496.362	48.5263
-497.08	47.8421
-497.799	48.4737
-498.517	48.9474
-499.236	47.7368
-499.954	48.4737
-500.673	48.1579
-501.392	47.4737
-502.11	48.3684
-502.829	48.6316
-503.548	48.2105
-504.267	48.2105
-504.986	47.9474
-505.705	48.6316
-506.424	48.1053
-507.144	48.7895
-507.863	47.7895
-508.581	48.3684
-509.3	48.6316
-510.019	48.6842
-510.739	47.5263
-511.459	48.7895
-512.178	48.2105
-512.898	47.8421
-513.618	48.5263
-514.338	48.3158
-515.057	48.3158
-515.779	47.8947
-516.499	48.1579
-517.219	48.3684
-517.939	48.1579
-518.66	48.2632
-519.38	48.1579
-520.1	48
-520.821	47.5789
-521.541	47.7368
-522.262	48.2632
-522.982	48
-523.703	47.8421
-524.424	47.1579
-525.144	48.3684
-525.865	48.2105
-526.586	48
-527.307	48.4211
-528.028	48.3158
-528.749	47.421
-529.471	48.1579
-530.192	48.2632
-530.913	47.3684
-531.635	48.0526
-532.356	48.3684
-533.077	48.1053
-533.799	48.2632
-534.521	47.8947
-535.244	47.7895
-535.966	48.4211
-536.688	48.3158
-537.409	47.8421
-538.131	48.1053
-538.853	48.1579
-539.575	47.7368
-540.298	47.6316
-541.02	48.2632
-541.742	48.2632
-542.464	48.8421
-543.187	48.8947
-543.909	48.1053
-544.633	48.3158
-545.356	47.7895
-546.079	48.7368
-546.801	48.1579
-547.524	47.1579
-548.247	47.8421
-548.97	47.5789
-549.693	47.6316
-550.416	47.2105
-551.139	47.8421
-551.864	47.5789
-552.587	48.3684
-553.31	47.3158
-554.034	47.8947
-554.757	47.3684
-555.48	48.4211
-556.204	48.1579
-556.928	47.8421
-557.651	47.6316
-558.377	47.9474
-559.1	47.3158
-559.824	48.3684
-560.548	47.6316
-561.272	47.2632
-561.996	47.4211
-562.72	48
-563.446	47.6842
-564.17	48.2105
-564.895	47.7368
-565.619	48.0526
-566.344	47.9474
-567.068	47.3158
-567.793	48.2632
-568.519	47.5789
-569.244	47.6842
-569.968	48.2632
-570.693	48
-571.418	48.1053
-572.143	46.5263
-572.87	47.4211
-573.595	47.8421
-574.32	47.3684
-575.045	47.8947
-575.77	47.8947
-576.496	47.4737
-577.223	47.2105
-577.948	48.0526
-578.674	47.3684
-579.399	47.9474
-580.125	48.2105
-580.851	47.7368
-581.578	48.0526
-582.304	47.3684
-583.03	47.1053
-583.756	47.5263
-584.482	47.8947
-585.21	47.4737
-585.936	47.2632
-586.662	47.2632
-587.388	47.9474
-588.115	47.2632
-588.843	47.3684
-589.569	47.7895
-590.296	48.1579
-591.023	47.6842
-591.749	47.3158
-592.478	47.7368
-593.205	47.5789
-593.931	48.579
-594.658	47.579
-595.387	47.6842
-596.114	47.4737
-596.841	47.5263
-597.568	47.9474
-598.297	47.1053
-599.025	46.8421
-599.752	48.1053
-600.48	48.1579
-601.207	47.5789
-601.936	47.3684
-602.664	47.6316
-603.392	47.1579
-604.119	48.4737
-604.849	46.8947
-605.577	47.579
-606.305	47.5263
-607.033	47.1579
-607.763	47.9474
-608.491	48.0526
-609.219	47.6842
-609.949	47.7895
-610.677	46.5789
-611.406	47.5263
-612.134	48.5263
-612.865	47.8421
-613.593	47.2632
-614.322	48.3684
-615.051	47.7368
-615.781	47.2105
-616.51	47.2105
-617.239	47.8947
-617.97	47.3684
-618.699	47.3158
-619.428	47.7368
-620.157	47.9474
-620.888	47.2632
-621.617	47.2105
-622.347	47.4211
-623.078	47.5789
-623.807	46.8947
-624.537	47.8421
-625.268	47.6316
-625.998	48.2105
-626.728	47.1053
-627.458	47.4737
-628.189	47.6316
-628.919	47.9474
-629.649	47.1579
-630.381	47.7368
-631.111	47.6316
-631.841	47.2105
-632.573	47
-633.304	47.8947
-634.034	46.6842
-634.766	47.6316
-635.497	47.1579
-636.228	47.2105
-636.96	47.5789
-637.691	48.1053
-638.422	47.1579
-639.154	47.5789
-639.885	47.7895
-640.616	47.421
-641.349	47.2632
-642.08	47.1579
-642.811	47.7368
-643.544	48.7895
-644.276	46.3684
-645.007	47.4211
-645.74	47.6316
-646.472	47.6316
-647.205	47.5263
-647.937	47.0526
-648.668	47.5263
-649.402	48.0526
-650.134	46.7368
-650.866	47.5789
-651.599	47.8421
-652.331	47.2632
-653.065	47.0526
-653.797	47.2632
-654.53	47.6316
-655.264	48.2632
-655.996	48.3158
-656.728	47.8421
-657.463	47.7368
-658.195	47.8947
-658.93	47.0526
-659.662	47.1053
-660.395	47
-661.13	48
-661.862	47.1053
-662.597	47.2632
-663.33	46.9474
-664.063	46.2105
-664.798	48
-665.531	47.5789
-666.266	46.6842
-667	47.4737
-667.733	47
-668.468	47.5789
-669.202	47.5789
-669.937	47.5263
-670.671	47.6842
-671.406	47.1053
-672.14	47.8947
-672.874	47.6316
-673.61	47.579
-674.344	47.8421
-675.079	46.8421
-675.814	47.4211
-676.549	47.4737
-677.284	47.1053
-678.018	47.2105
-678.754	47.5789
-679.489	47.6842
-680.225	47.7368
-680.959	46.7895
-681.696	47
-682.431	47.4737
-683.167	47.3158
-683.902	47.8947
-684.639	47.3158
-685.374	47.1053
-686.109	47.2632
-686.845	47.4737
-687.581	47.4211
-688.318	47.4737
-689.053	47.3684
-689.79	46.5263
-690.525	47.6316
-691.263	47.1579
-691.998	47.3158
-692.736	47.2105
-693.471	47.8947
-694.209	46.9474
-694.945	46.6316
-695.682	46.8421
-696.418	47
-697.156	47.1579
-697.892	47.3684
-698.63	47.5263
-699.366	47.8947
-700.104	47.1053
-700.841	47.2105
-701.579	47.3158
-702.315	46.8421
-703.054	47.2632
-703.79	46.9474
-704.529	47
-705.265	47.0526
-706.004	47.0526
-706.741	47
-707.479	47.8947
-708.216	46.7895
-708.955	47.3684
-709.692	46.8421
-710.431	47.2632
-711.169	46.5789
-711.908	47
-712.645	47.1579
-713.384	47
-714.122	47.0526
-714.861	46.7895
-715.601	47.4211
-716.338	48.4211
-717.078	47.2105
-717.816	46.8421
-718.555	47.7895
-719.294	46.6842
-720.033	46.9474
-720.771	46.9474
-721.511	46.7895
-722.25	47.5263
-722.99	46.6842
