657.203	53.5172
656.588	42.5862
655.974	51.1034
655.359	48.3793
654.744	48.069
654.129	47.7586
653.516	47.2414
652.901	47.1379
652.286	47.5517
651.671	48.2069
651.056	46.7586
650.44	47.7931
649.825	48.3448
649.21	48.0345
648.595	48.2414
647.979	48
647.364	48.5862
646.749	47.1379
646.133	47.6207
645.518	49
644.902	47.8621
644.286	47.5862
643.671	47.4828
643.055	47.4138
642.439	48.3103
641.823	48.2759
641.207	48.2414
640.591	48.1034
639.976	47.9655
639.359	47.7931
638.743	48.3793
638.127	48.4138
637.511	47.4483
636.895	47.5862
636.279	48.5862
635.662	47.6897
635.046	48.2069
634.429	48.2759
633.813	48.8621
633.196	47.7931
632.58	47.9655
631.963	48.1724
631.346	47.5862
630.73	47.8621
630.113	48.1035
629.496	47.6552
628.879	48.2414
628.262	48.2069
627.645	48.069
627.027	47.8621
626.41	47.8276
625.793	47.8276
625.175	47.7241
624.558	47.7586
623.941	47.8965
623.324	47.8966
622.706	48.2069
622.089	46.5172
621.471	48.7242
620.854	47.6207
620.236	48.4483
619.618	47.2759
619.001	48.2414
618.382	48.2069
617.764	47
617.146	47.1724
616.528	48.069
615.91	47.6896
615.292	47.5172
614.674	47.9655
614.056	47.6207
613.438	48.0345
612.818	47.7586
612.2	47.3104
611.582	48.3448
610.963	47.9655
610.345	47.6896
609.727	47.5862
609.108	47.4828
608.489	47.8966
607.869	48.5862
607.251	46.9655
606.632	47.7931
606.013	48.069
605.395	48
604.776	47.931
604.157	48.1034
603.536	47.8621
602.917	48.0345
602.298	48.3793
601.679	47.5862
601.06	47.8966
600.441	48.4828
599.82	47.0345
599.201	48.1379
598.582	47.5517
597.962	47.5517
597.343	47.8276
596.723	47.6897
596.102	48.3103
595.483	47.6552
594.863	48
594.243	48.1034
593.624	48.3793
593.002	48.5172
592.382	48.3448
591.763	47.8966
591.143	48.2414
590.523	48.1035
589.901	48.7241
589.281	48.3448
588.661	48.3793
588.041	47.931
587.419	48.5172
586.799	47.6207
586.178	48.2414
585.558	48.1379
584.937	48.2759
584.315	47.069
583.695	48.7586
583.074	48.4483
582.454	48.1379
581.831	47.7586
581.211	47.6207
580.59	47.7586
579.969	48.1379
579.347	48.3793
578.726	48.8621
578.105	47.8276
577.482	48.4483
576.861	48.5172
576.24	48.1034
575.619	48.6897
574.996	47.2069
574.375	48.1034
573.753	47.931
573.132	47.931
572.509	48.2759
571.887	48.2414
571.266	47.6897
570.643	47.931
570.021	47.931
569.399	47.6552
568.777	48.1379
568.154	47.5172
567.532	47.9655
566.91	48.7586
566.287	47.7931
565.665	48.1379
565.043	48.069
564.419	47.6207
563.797	47.5517
563.175	48.069
562.551	48.2414
561.929	47.931
561.306	47.931
560.683	48.3448
560.06	48.069
559.438	47.6552
558.813	47.8965
558.191	48.5517
557.568	48.5172
556.944	47.931
556.321	48.2759
555.698	48.4138
555.074	48.4828
554.451	48.1035
553.827	47.7931
553.204	48.5517
552.58	48.7241
551.956	48.6897
551.333	48.2069
550.709	48.3448
550.085	48.4483
549.461	48.8966
548.836	48.4483
548.213	48.0345
547.589	48.4828
546.964	48.2759
546.341	48.8621
545.717	48.6207
545.092	48.5517
544.468	47.2759
543.843	48.1034
543.219	48.1724
542.594	48.5172
541.97	48.7241
541.346	48.9655
540.72	48.3103
540.096	48.3793
539.471	49.069
538.846	47.7586
538.222	48.7586
537.596	48.3448
536.972	47.6897
536.346	48.3103
535.722	47.931
535.096	48.9655
534.471	48.5862
533.845	48.1379
533.22	48.6897
532.596	48.1379
531.969	48.5862
531.344	47.5862
530.718	48.3104
530.093	48.1379
529.467	48.1379
528.842	48.1724
528.215	47.5862
527.59	47.931
526.963	48.2414
526.338	47.7931
525.711	48.3103
525.086	48.1034
524.459	48.8276
523.834	49.1379
523.207	49
522.581	48.6897
521.956	48.2759
521.329	48.4483
520.703	48.3448
520.076	48.0345
519.45	47.9655
518.823	47.931
518.195	48.931
517.569	48.4828
516.942	48.4138
516.316	48.4828
515.688	48.6552
515.062	48.5172
514.434	48.069
513.808	47.6897
513.18	48.6897
512.554	49.3793
511.926	48.4138
511.3	48.1034
510.672	48.2759
510.045	48.2759
509.417	48.3448
508.79	48.4828
508.162	48.5172
507.534	48.5517
506.907	49.069
506.279	48.3793
505.652	48.8276
505.023	48.9655
504.396	48.4138
503.768	48.4138
503.139	48.4828
502.512	48.4138
501.883	48.0345
501.256	48.3793
500.627	47.8621
500	48.7931
499.371	48.1724
498.742	48.1379
498.114	48.4483
497.485	49.5862
496.858	48.5172
496.228	48.1724
495.599	48.8965
494.971	48.931
494.342	48.6897
493.714	48.7931
493.085	48.9655
492.455	48.8276
491.827	47.9655
491.198	49.4138
490.568	48.4483
489.94	48.9655
489.31	48.6207
488.682	48.7931
488.052	48.6552
487.422	48.3104
486.794	48.3448
486.164	48.6897
485.534	48.4138
484.905	49.069
484.275	48.1379
483.645	48.6896
483.016	48.6207
482.385	48.6897
481.755	49.3104
481.126	47.9655
480.496	48.7931
479.867	48.6552
479.236	48.4138
478.606	48.9655
477.975	49.1035
477.346	48.1379
476.715	48.9655
476.084	48.8621
475.455	48.7241
474.824	48.9655
474.193	48.3793
473.563	49.1379
472.932	48.6207
472.301	48.9655
471.671	48
471.04	49.3448
470.409	48.4483
469.777	48.8621
469.147	48.6207
468.516	48.2414
467.885	48.6552
467.254	48.6897
466.623	49.3448
465.991	49.1724
465.359	48.1379
464.729	48.7931
464.097	49.0345
463.466	49.1034
462.835	49.0345
462.203	49
461.571	48.1724
460.939	49.1035
460.308	49
459.676	48.7931
459.044	49.2759
458.412	48.7586
457.781	48.4138
457.149	48.6207
456.516	49.5862
455.884	49.1035
455.253	49.3448
454.62	48.8965
453.987	49.3793
453.355	48.7931
452.722	49.1379
452.091	48.3104
451.458	48.6897
450.825	49.1379
450.192	48.9655
449.56	49.1379
448.927	48.5862
448.294	48.6207
447.661	49.5172
447.028	48.8276
446.396	47.931
445.763	49.1035
445.129	48.5862
444.496	48.931
443.862	49.1379
443.23	49.6207
442.597	49.069
441.963	48.1035
441.33	49.1035
440.696	48.4828
440.062	49.4138
439.43	48
438.796	49
438.162	50.069
437.528	49.1379
436.894	48.8621
436.26	49.1379
435.627	49.6207
434.993	49.1379
434.359	49.4828
433.724	49
433.09	48.6207
432.456	48.8621
431.821	48.931
431.188	48.8966
430.553	48.5517
429.919	48.8966
429.284	48.9655
428.649	48.7586
428.015	48.7931
427.38	49.3793
426.746	48.5173
426.111	48.8276
425.477	48.4483
424.841	48.6552
424.206	48.7586
423.571	48.8276
422.936	49.6207
422.301	48.8966
421.665	48.7241
421.03	48.6897
420.396	48.5172
419.761	48.931
419.125	49.1034
418.49	49.4138
417.854	48.5172
417.218	49.1724
416.583	49.3793
415.947	49.8276
415.311	49.1724
414.675	49.069
414.039	48.9655
413.403	49.4138
412.769	48.7931
412.133	49.6207
411.496	49.4828
410.86	48.7586
410.224	49.3104
409.588	49.6897
408.951	49.2759
408.315	49.8621
407.679	49.2414
407.042	49
406.406	49.1035
405.769	49.8965
405.132	48.931
404.496	49.3104
403.859	49.4138
403.222	49.1724
402.585	48.9655
401.948	49.8276
401.311	50.0345
400.674	49.7241
400.037	49.5172
399.4	49.6552
398.763	48.3793
398.125	49.4828
397.488	49.7931
396.851	48.6552
396.213	49.4483
395.576	49.7931
394.938	49
394.301	49.4828
393.663	49.8621
393.026	49.4138
392.388	49.7931
391.75	49.931
391.112	48.1034
390.474	49.2414
389.837	49.6897
389.199	48.8276
388.561	49.1724
387.922	50.2414
387.284	49.7931
386.646	49.4483
386.008	50.1035
385.37	49.5517
384.731	49.0345
384.093	49.4828
383.454	49.3448
382.816	49.1034
382.177	49.6207
381.539	50.1379
380.9	50.069
380.261	49.2069
379.622	49.8965
378.982	48.931
378.343	50
377.704	49.3103
377.065	48.7241
376.426	49.3793
375.787	50.1035
375.148	49.6207
374.509	49.7241
373.87	49.5517
373.23	49.4828
372.591	49.1034
371.952	50.4138
371.312	50.3103
370.671	49.3793
370.032	49.4138
369.392	49.7241
368.752	50.3793
368.113	50.4138
367.473	49.4138
366.833	48.8276
366.193	49.2414
365.553	49.0345
364.912	50.2759
364.272	50.4138
363.632	49.3793
362.991	48.931
362.351	50.0345
361.711	49.8276
361.071	49.4138
360.43	49.6897
359.788	48.8621
359.148	50.1035
358.507	49.8965
357.867	49.3448
357.226	50.4138
356.585	49.3793
355.943	49.3103
355.303	50.0345
354.662	49.4483
354.021	49.9655
353.38	50.3448
352.739	50.7586
352.098	50.5172
351.455	49.931
350.814	50.5517
350.173	50.1379
349.532	49.8621
348.89	50.5862
348.247	50.6207
347.606	50.5517
346.964	50.7931
346.323	50.2069
345.681	50.2414
345.038	50.1724
344.397	49.7586
343.755	49.9655
343.113	50.7241
342.471	50.3448
341.828	49.5862
341.186	50.2414
340.544	50.3103
339.902	50.2069
339.26	50.1724
338.616	50.4138
337.974	50.1379
337.331	50.1724
336.689	50.1379
336.045	50.069
335.403	49.9655
334.76	49.3448
334.118	50.4828
333.475	50.8276
332.831	49.8276
332.188	50.1379
331.546	49.8965
330.903	50.1379
330.258	50.7931
329.616	49.6207
328.973	50.069
328.33	50.6552
327.685	50.7241
327.042	49.8621
326.399	51.1034
325.754	50.5172
325.111	49.4483
324.467	51.2069
323.824	50.1379
323.179	50.2069
322.535	50.4138
321.892	51.1724
321.247	50.6207
320.603	50.7931
319.959	50.7241
319.316	51
318.67	50.2759
318.026	51.1379
317.383	51.069
316.737	51.6207
316.093	50.8276
315.449	51.3448
314.803	51.2759
314.159	50.5172
313.515	50.4138
312.871	51.1035
312.225	51.6207
311.58	51.5172
310.936	50.8621
310.29	51.5517
309.645	51.4138
309.001	51
308.354	51.7241
307.71	50.7931
307.065	52.3448
306.419	51.7241
305.774	51.7241
305.129	52.3103
304.482	52.0345
303.837	52.0345
303.191	51.7586
302.545	52.4483
301.9	52.2414
301.253	52.4138
300.608	52.4828
299.963	52.8965
299.316	52.4138
298.67	54.2069
298.025	53.1034
297.378	53.2069
296.732	53.069
296.085	53.7241
295.439	53.2759
294.793	53.069
294.146	53.7241
293.5	53.0345
292.853	52.8621
292.206	53.2069
291.56	53.4138
290.913	52.6207
290.267	53.3793
289.619	53.4483
288.973	53.069
288.326	53.4827
287.678	53.4828
287.032	54.7586
286.384	53.6552
285.737	52.7241
285.091	53.7586
284.442	54.1379
283.796	54.3103
283.147	53.4828
282.501	53.9655
281.852	54.3448
281.205	53.2069
280.557	53.4483
279.91	54.1034
279.263	54.5862
278.614	54.1034
277.967	54.6897
277.318	54.2414
276.671	54.4138
276.022	54.3103
275.374	54
274.725	54.3448
274.078	55.069
273.429	54.9655
272.781	55.3793
272.133	54.5517
271.484	54.6552
270.836	54.1035
270.187	54.3448
269.539	54.7931
268.89	54.7931
268.242	55.6207
267.592	56.3448
266.944	55.2069
266.294	55.5172
265.646	56.3103
264.996	56.2069
264.348	55.6552
263.698	55.5517
263.05	55.7586
262.4	56.5862
261.751	56.7931
261.101	56.0345
260.452	55.2414
259.802	57.2414
259.153	55.9655
258.503	56.5517
257.854	57.1724
257.204	56.3103
256.553	57.2414
255.904	56.1379
255.253	57.6897
254.604	57
253.954	56.8276
253.304	57.6552
252.653	57.8276
252.004	56.7241
251.353	57.069
250.704	57.3103
250.053	57.931
249.402	57.7241
248.752	58.7241
248.101	57.931
247.451	58.8966
246.8	58.2414
246.15	58.6207
245.498	58.2759
244.848	58.2414
244.197	57.8276
243.545	58.1035
242.895	58.7241
242.243	57.5517
241.593	59.3103
240.941	58.4828
240.29	58.0345
239.639	58.6897
238.987	57.3448
238.337	59.5172
237.685	58.5862
237.032	58
236.382	58.3793
235.73	58.7586
235.079	58.3793
234.426	59.3448
233.774	58.4138
233.123	57.4828
232.471	59.069
231.819	58.8276
231.167	58.2759
230.514	57.4828
229.863	57.1379
229.21	58.6207
228.557	58.7241
227.906	57.9655
227.253	58.1379
226.6	56.931
225.948	58.6897
225.295	57.4828
224.644	57.6897
223.99	58.8965
223.337	58.4828
222.685	59.0345
222.032	58.5517
221.379	57.7586
220.727	58.5862
220.073	57.8621
219.419	57.931
218.767	59.1034
218.114	58.3448
217.46	58.069
216.807	58.4138
216.154	57.8965
215.5	58.4138
214.847	57.7586
214.193	59.0345
213.539	58.3448
212.885	58.2759
212.232	57.3448
211.578	58.4828
210.924	57.931
210.271	58.1724
209.616	58.3793
208.962	58.0345
208.309	57.0345
207.654	58.1724
207	58.6897
206.345	58.7586
205.692	57.7241
205.037	58
204.382	57.6897
203.729	58.4138
203.074	57.931
202.419	57.4828
201.763	58
201.11	58.4138
200.455	57.3448
199.799	57.5862
199.144	58.3448
198.49	57.931
197.835	58.3793
197.179	58.5517
196.524	59.1379
195.87	58.1379
195.214	58.3104
194.558	57.2759
193.903	57.9655
193.248	58.4483
192.593	59.1035
191.937	58.2414
191.281	59.0345
190.626	59.5172
189.97	59.0345
189.314	58.5517
188.658	60.0345
188.002	58.5172
187.347	60.8276
186.69	59.7931
186.034	61
185.378	59.8276
184.723	60.2759
184.066	60.3448
183.409	60.6552
182.753	60.3103
182.096	61.6897
181.441	61.9655
180.784	62.3103
180.127	61.6552
179.47	62.6552
178.813	62.5517
178.156	62.0345
177.5	62.3793
176.843	62.2414
176.186	61.7586
175.529	62.6552
174.871	63
174.215	63.7241
173.558	63.1035
172.9	62.7586
172.243	64.5517
171.585	63.1379
170.928	64.7586
170.27	64.2414
169.614	63
168.956	64.7586
168.298	64.1035
167.64	64.4828
166.982	64.5862
166.324	64.4483
165.667	64.7586
165.009	64.8621
164.351	64.9655
163.693	65.2414
163.034	65.5862
162.376	64.5862
161.717	65.7931
161.059	64.8276
160.402	65.3793
159.743	65.8621
159.085	66.2759
158.426	65.5862
157.767	66.5862
157.108	64.6897
156.449	66.1379
155.79	66.9655
155.131	66.3103
154.474	65.7241
153.815	66.1034
153.156	67.6552
152.496	68.6897
151.837	67.4138
151.178	68.6207
150.518	69.931
149.859	70.4483
149.199	71.6552
148.54	71.3103
147.88	72.6897
147.221	72.4138
146.562	74.7586
145.903	73.7931
145.243	77.2069
144.583	79.8966
143.923	81.3793
143.263	86.6207
142.603	89.069
141.943	95
141.283	98.4828
140.622	107.034
139.962	111.276
139.302	114.759
138.641	113.966
137.981	111.828
137.32	105.517
136.66	103.862
135.999	97.1724
135.339	94.5862
134.678	92.0345
134.017	89.4828
133.356	90
132.695	88.069
132.034	88.1724
131.373	85.3104
130.712	85.8621
130.053	88.2414
129.392	85.3448
128.73	85.1724
128.069	84.6896
127.408	85.3793
126.746	84.8276
126.085	84.4828
125.423	83.5517
124.762	83.931
124.1	83.1724
123.437	82.6552
122.775	83.8276
122.113	80.5862
121.452	81.8621
120.79	82.4828
120.128	82.2069
119.466	81.4828
118.804	81.7242
118.142	80.9655
117.479	79.931
116.817	81.4828
116.155	80.3448
115.493	80.8276
114.83	82.931
114.168	80.3793
113.505	80.4827
112.843	81
112.18	80.7241
111.517	79.8621
110.855	81.7586
110.192	80.7241
109.529	80.7586
108.866	80.069
108.203	79.8621
107.54	78.931
106.876	82
106.212	83.2414
105.549	83.931
104.886	85.1724
104.223	89.4138
103.559	94.2759
102.896	98.3448
102.232	109.414
101.569	117.379
100.905	132.138
100.242	145.207
99.5781	156.103
98.9128	157.172
98.249	149.862
97.5852	138.552
96.9213	130.345
96.2573	122.759
95.5933	117.31
94.9292	112.138
94.2651	109.172
93.6009	108.483
92.9351	103.207
92.2708	100.379
91.6065	97
90.942	94.3793
90.2776	92.6207
89.613	91.2414
88.9484	87.3793
88.2838	86.5173
87.6176	85.6207
86.9528	88.1034
86.288	84.4138
85.6232	84.9655
84.9582	85.2069
84.2933	82.069
83.6282	82.8621
82.9616	83.1035
82.2965	80.7931
81.6313	82.6552
80.966	82.2758
80.3007	81.7241
79.6353	81.069
78.9684	81.6207
78.3029	83.1034
77.6374	81.2414
76.9718	79.4483
76.3061	81.9655
75.6404	80.9655
74.9731	81.4138
74.3073	81.6207
73.6414	82.6552
72.9755	81.7586
72.3095	82.4828
71.6419	82.5517
70.9758	81.9655
70.3097	83.8621
69.6434	82.5172
68.9772	80.931
68.3093	80.8621
67.6429	81.6552
66.9765	82.9655
66.31	82.3793
65.6434	79.3793
64.9753	81.931
64.3086	82.0345
63.6419	80.7931
62.9751	83.069
62.3068	83.0345
61.6399	82.5517
60.9729	81.6896
60.3059	83.8276
59.6388	82.7931
58.9702	81.6897
58.303	83
57.6358	82.2758
56.9685	81.931
56.2996	84.1379
55.6322	80.1379
54.9648	80.6897
54.2972	81.3103
53.6281	80.5862
52.9605	82.4483
52.2928	82.2069
51.6251	83.6207
50.9558	81.1379
50.2879	82.7586
49.62	82.8621
48.952	83.2414
48.2825	82.2758
47.6144	81.0345
46.9462	80.6552
46.2765	81.4828
45.6083	81
44.94	83.8966
44.2716	84.931
43.6016	81.1379
42.9332	83.1724
42.2646	84.1034
41.5945	82.7931
40.9259	83
40.2571	87.2069
39.5869	82.069
38.918	82.8965
38.2492	85.4828
37.5802	87.6897
36.9097	88.8276
36.2407	86.3793
35.5715	86.5172
34.9009	88.2069
34.2316	89.1724
33.5624	88.7586
32.8915	90.2414
32.2221	91.5862
31.5527	89.8621
30.8816	92.4138
30.2121	92.3448
29.5425	91.7931
28.8713	93.6552
28.2015	95.069
27.5317	94.3448
26.8604	95.2069
26.1905	97.1724
25.5205	99.6552
24.849	104.759
24.1789	104.655
23.5088	107.724
22.8371	113.448
22.1668	126
21.495	139.414
20.8246	160.931
20.1542	215.655
19.4822	276.448
18.8117	346.793
18.1411	396.862
17.4689	426.345
16.7982	453.276
16.1259	506.862
15.4551	561.759
14.7843	614.759
14.1118	691.759
13.4408	774
12.7698	807.897
12.0972	814.241
11.426	808.931
10.7533	778.759
10.082	706.897
9.41065	622.828
8.73774	560.724
8.0663	528.621
7.39328	531.896
6.72172	574.552
6.04858	651.724
5.3769	829.793
4.70517	1267.17
4.03186	2317.52
3.36002	5548.86
2.68659	19724.2
2.01463	64540
1.34109	64540
0.669021	64540
-0.00310931	64540
-0.676821	64540
-1.34907	64540
-2.02289	64540
-2.69525	29608.8
-3.36919	7721.38
-4.04167	2576
-4.71573	1100.48
-5.38831	725.483
-6.06096	613.793
-6.73519	584.483
-7.40795	562.035
-8.08229	547.897
-8.75517	554.483
-9.42963	536.379
-10.1026	518.552
-10.7772	487.103
-11.4503	457.138
-12.125	405.759
-12.7982	358.276
-13.473	308.069
-14.1463	255.483
-14.8213	225.724
-15.4947	195
-16.1697	183.069
-16.8433	164.759
-17.5185	151.345
-18.1921	149.31
-18.8674	137.138
-19.5412	131.586
-20.2166	123
-20.8905	113.103
-21.566	113.31
-22.24	114.931
-22.9156	111.207
-23.5897	107.034
-24.2655	105.172
-24.9397	106.931
-25.6156	104.103
-26.2899	98.6207
-26.9659	96.6207
-27.6404	98.3103
-28.3164	96.4483
-28.991	92.6207
-29.6672	89.1379
-30.3419	89.1724
-31.0182	90.8965
-31.6931	89.2414
-32.3695	90.931
-33.046	90.069
-33.721	90.4827
-34.3976	88.4483
-35.0727	85.2759
-35.7494	85.3793
-36.4246	85.8276
-37.1014	84.3793
-37.7768	84.1724
-38.4537	83.3103
-39.1307	82.4483
-39.8062	80.6552
-40.4833	82.5517
-41.159	83.0345
-41.8362	80.6552
-42.512	80.6897
-43.1893	80.1034
-43.8667	80
-44.5426	79.6552
-45.2201	78.6552
-45.8962	77.2069
-46.5738	79.4138
-47.2515	78.069
-47.9277	77.6897
-48.6055	79.5172
-49.2818	78.931
-49.9598	79.3448
-50.6377	77.8966
-51.3142	76.6552
-51.9923	78
-52.669	77.1379
-53.3472	75.6207
-54.0254	75.9655
-54.7022	76.3793
-55.3806	76.3793
-56.0575	75.7586
-56.736	76.2069
-57.4146	75.4828
-58.0917	75.6552
-58.7703	75.4483
-59.4491	76.931
-60.1263	76.4828
-60.8052	76.069
-61.4841	74.9655
-62.1615	74.3103
-62.8405	73.7586
-63.5181	74.8621
-64.1972	73.069
-64.8764	74.2069
-65.5541	74.8621
-66.2334	73.8966
-66.9128	73.4828
-67.5907	73.8965
-68.2702	73.5862
-68.9497	73.3103
-69.6278	72.7586
-70.3075	72.6207
-70.9872	72.7586
-71.6654	71.8621
-72.3453	73.1724
-73.0252	71.2759
-73.7036	71.8276
-74.3836	71.8966
-75.0637	70.0345
-75.7438	71.2069
-76.4224	70.9655
-77.1027	72.3448
-77.783	70
-78.4618	70.8966
-79.1422	71.1724
-79.8227	70.7241
-80.5017	70.8966
-81.1823	71.069
-81.8629	70.1379
-82.5436	71.1379
-83.2229	70.6552
-83.9037	69.2069
-84.5846	70.2414
-85.264	69.9655
-85.945	68.7931
-86.626	69.3793
-87.3072	69.7586
-87.9868	68.6207
-88.668	69.3448
-89.3493	69.7586
-90.0291	68.9655
-90.7105	69.6207
-91.392	69.1379
-92.0735	69.5862
-92.7536	69.5172
-93.4352	71.1724
-94.1169	71.5862
-94.7987	69.931
-95.479	70.7931
-96.1609	70.8621
-96.8428	71.931
-97.5248	70.1724
-98.2053	72.4483
-98.8874	74.3103
-99.5696	73.6552
-100.252	74.3448
-100.934	74.2759
-101.615	71.9655
-102.297	70.0345
-102.98	67.4483
-103.662	67.7241
-104.343	66.6207
-105.026	65.8276
-105.709	65.7931
-106.391	65.2069
-107.074	66.7241
-107.756	64.5172
-108.438	64.2759
-109.121	64.5862
-109.805	64.4138
-110.488	64.6897
-111.169	65.6897
-111.852	64.6897
-112.536	64.4828
-113.219	65.4483
-113.902	64.2414
-114.584	64.7586
-115.268	64.6552
-115.951	64.5862
-116.635	64.3793
-117.319	64.2069
-118.003	64.3103
-118.685	64.1379
-119.369	64.4828
-120.053	63.8621
-120.737	64.2414
-121.421	63.9655
-122.103	63.2759
-122.787	63.2759
-123.472	63.3793
-124.156	63.0345
-124.84	63.5172
-125.525	62.6552
-126.209	62.069
-126.892	62.7931
-127.577	62.5172
-128.261	62.7931
-128.946	62.4828
-129.631	62.6552
-130.316	61.7586
-131	61.7586
-131.684	62.6896
-132.369	61.931
-133.054	62.4483
-133.739	62.1034
-134.424	61.6207
-135.109	61.7586
-135.795	61.7931
-136.48	62
-137.164	62.7241
-137.849	62.3448
-138.535	61.8276
-139.22	62.0345
-139.906	62.069
-140.592	62.2414
-141.277	61.1379
-141.963	61.4828
-142.649	60.4138
-143.335	59.7586
-144.019	60.0345
-144.706	59.5862
-145.392	58.2414
-146.078	58.2414
-146.764	58.6207
-147.45	59.7931
-148.137	58.7931
-148.823	57.9655
-149.509	58.1034
-150.196	57.8276
-150.883	58.2069
-151.569	57.6552
-152.256	58.2069
-152.941	57.6207
-153.628	58.069
-154.315	57.6552
-155.002	57.1724
-155.689	57.3103
-156.376	57.3104
-157.063	57.4828
-157.75	56.7241
-158.437	57.1379
-159.125	58
-159.812	56.7586
-160.499	57.6207
-161.187	57.1379
-161.874	56.8276
-162.562	56.6207
-163.25	57.069
-163.937	56.8966
-164.625	56.2069
-165.313	56.7241
-166.001	56.7931
-166.689	57.2069
-167.377	56.1724
-168.065	57.2069
-168.753	56.931
-169.441	56.7241
-170.129	56.5517
-170.818	56.1724
-171.506	56.2069
-172.194	55.2069
-172.883	56.5172
-173.571	56.7586
-174.26	56.1379
-174.949	55.931
-175.637	56.1035
-176.326	55.3448
-177.015	55.2414
-177.704	55.6207
-178.393	56.1724
-179.082	55.1035
-179.771	55.3793
-180.46	55.6207
-181.149	54.7586
-181.838	55.1034
-182.528	55.3448
-183.217	55.0345
-183.907	55.6552
-184.596	55.8965
-185.286	54.7586
-185.975	55.6897
-186.665	55.1034
-187.355	54.931
-188.044	54.5862
-188.734	54.5517
-189.424	54.2759
-190.114	54.1379
-190.804	54.7586
-191.494	54.3793
-192.184	53.9655
-192.876	54.3448
-193.566	54.1034
-194.257	54.7241
-194.947	54.3103
-195.637	54.7242
-196.328	54.7586
-197.018	54.5862
-197.709	53.069
-198.4	53.8276
-199.09	54
-199.781	53.931
-200.472	53.6897
-201.163	54.0345
-201.856	53.7931
-202.547	53.6207
-203.238	53.931
-203.929	53.7586
-204.62	54.3103
-205.311	54.0345
-206.003	53.6897
-206.694	54.7931
-207.386	54.2414
-208.077	53.1034
-208.77	53.7241
-209.462	54.2759
-210.153	53.6207
-210.845	53.6207
-211.537	54
-212.229	53.5517
-212.921	53.8276
-213.613	53.8966
-214.305	53.8966
-214.999	54.1724
-215.691	53.5172
-216.383	53.7931
-217.075	53.3793
-217.768	54
-218.46	52.4483
-219.152	53.931
-219.847	53.8965
-220.539	53.1724
-221.232	53.3448
-221.925	53.3793
-222.617	53.7586
-223.31	53.6207
-224.005	53.0345
-224.698	53.7586
-225.391	53.2414
-226.084	52.4483
-226.777	53.5172
-227.47	52.6897
-228.165	53.069
-228.858	53.4828
-229.551	53.1724
-230.245	53.6897
-230.938	52.6897
-231.632	52.8965
-232.327	53.069
-233.021	53.6552
-233.714	53.1034
-234.408	52.6207
-235.102	52.7931
-235.798	52.8276
-236.492	52.8276
-237.186	52.6896
-237.88	52.9655
-238.574	52.5173
-239.27	52.7931
-239.964	52.7241
-240.658	52.8621
-241.353	53.0345
-242.047	51.9655
-242.743	52.8966
-243.438	52.5862
-244.132	52.3103
-244.827	52.2759
-245.523	52.2069
-246.218	51.6552
-246.913	52.2414
-247.608	52.3448
-248.303	51.8621
-248.999	53
-249.695	52.931
-250.39	52.1379
-251.085	52.1035
-251.782	52.2069
-252.477	52.5172
-253.173	52.3103
-253.868	52.3793
-254.565	52.6207
-255.261	51.8966
-255.956	52.3793
-256.652	52.3104
-257.35	52.4483
-258.045	51.5172
-258.741	52.0345
-259.437	52.931
-260.135	51.8621
-260.831	52.1724
-261.527	52.1724
-262.225	52.0345
-262.921	52.3793
-263.617	51.5862
-264.314	52.2759
-265.012	52.4138
-265.708	52.6552
-266.405	51.3793
-267.103	52.0345
-267.8	51.7241
-268.496	52.1034
-269.193	51.3793
-269.892	51.8966
-270.589	51.3103
-271.286	52.1034
-271.984	51.4138
-272.681	51
-273.378	51.9655
-274.077	51.4138
-274.775	52.2759
-275.472	51
-276.171	51.7931
-276.868	52.1724
-277.566	51.8276
-278.263	51.7931
-278.963	51.931
-279.66	51.8966
-280.358	51.8966
-281.058	51.2759
-281.755	50.7241
-282.453	51.6207
-283.153	51.7241
-283.851	52.1724
-284.549	51.6552
-285.249	51.069
-285.947	51.1724
-286.647	51.7586
-287.345	51.4828
-288.044	51.2069
-288.744	51.5862
-289.443	51.4828
-290.141	51.3448
-290.841	50.6207
-291.54	51.1379
-292.239	51.6207
-292.939	51
-293.638	51.3448
-294.339	51.2414
-295.038	51.1379
-295.737	51.2414
-296.438	51.3448
-297.137	50.7586
-297.836	51.1379
-298.537	51.7241
-299.237	50.931
-299.938	51.8621
-300.637	50.1379
-301.337	50.8965
-302.038	50.6207
-302.738	51.0345
-303.439	51.3448
-304.139	50.7241
-304.839	50.5862
-305.54	51.2069
-306.24	50.8276
-306.942	50.7586
-307.642	51.2069
-308.342	50.6552
-309.044	50.1724
-309.745	50.931
-310.447	50.5517
-311.147	50.931
-311.849	50.4138
-312.55	50.7931
-313.25	50.4483
-313.953	50.6207
-314.653	50.7241
-315.356	50.6207
-316.057	50.8621
-316.759	50.5172
-317.46	51.1724
-318.161	50.7586
-318.864	49.6552
-319.565	50.6207
-320.268	50.4483
-320.969	50.3448
-321.672	50.6897
-322.373	49.8965
-323.077	50.069
-323.778	50.4138
-324.481	50.4828
-325.183	49.7931
-325.885	50.7931
-326.588	50.4828
-327.29	50.1724
-327.993	49.6207
-328.695	50.2414
-329.399	50.4483
-330.101	50.5517
-330.805	50.3793
-331.507	50.069
-332.211	50.0345
-332.913	50.6552
-333.617	50.069
-334.32	49.931
-335.024	50.1724
-335.726	50.3448
-336.431	50.3448
-337.133	49.8621
-337.838	50
-338.54	49.7931
-339.245	50.3793
-339.948	49.7931
-340.652	49.931
-341.356	50.5173
-342.06	50.7931
-342.763	50.3103
-343.468	49.8621
-344.172	49.8621
-344.877	50.4138
-345.58	50.2414
-346.285	49.5862
-346.989	49.5517
-347.694	49.931
-348.399	49.8965
-349.103	50.069
-349.808	50.2414
-350.512	49.8965
-351.218	49.7241
-351.922	50.2759
-352.627	50.4483
-353.331	50.0345
-354.037	50
-354.741	49.8966
-355.447	49.931
-356.153	50.069
-356.858	49.6897
-357.564	49.7241
-358.268	49.6207
-358.975	50.1379
-359.679	50.4138
-360.386	50.1035
-361.09	50.1724
-361.797	49.8276
-362.503	49.6897
-363.208	49.9655
-363.915	49.3103
-364.62	49.7931
-365.327	49.7241
-366.034	49.0345
-366.739	50.2759
-367.446	49.6552
-368.151	49.3448
-368.858	49.3448
-369.564	49.7241
-370.271	49.9655
-370.978	49.931
-371.684	49.5172
-372.391	50.2414
-373.097	50.2759
-373.805	50.1035
-374.512	49.5862
-375.218	49.5517
-375.926	49.7241
-376.634	49.2069
-377.34	49.6207
-378.048	48.8276
-378.754	49.8621
-379.462	49.5172
-380.17	49.6552
-380.877	49.1034
-381.585	49.5172
-382.293	49.2069
-383	49
-383.708	49.2069
-384.415	49.3448
-385.124	49.3448
-385.832	49.2759
-386.539	49.1379
-387.248	49.931
-387.956	49.5172
-388.664	50.2069
-389.373	49.8965
-390.081	49.4138
-390.789	49.2069
-391.498	49.2759
-392.207	49.4483
-392.915	49.1379
-393.624	48.8621
-394.333	49.1034
-395.041	49.8276
-395.75	49.6552
-396.46	48.6207
-397.168	48.5517
-397.877	49.4828
-398.587	49.1034
-399.295	49.7241
-400.005	49.2759
-400.715	49.069
-401.423	48.6207
-402.133	49.2759
-402.843	49.4828
-403.552	49.3103
-404.262	48.7586
-404.972	49.4483
-405.682	48.8276
-406.391	49.6552
-407.101	49.1035
-407.812	49.2069
-408.521	48.8276
-409.231	49.5862
-409.942	50.5517
-410.653	49.9655
-411.362	48.931
-412.073	48.8621
-412.784	48.6897
-413.493	48.931
-414.204	49.5862
-414.915	48.4138
-415.626	49.5862
-416.336	49.5517
-417.047	49.5862
-417.759	49.3448
-418.47	49.0345
-419.18	48.4483
-419.891	49.2069
-420.603	48.7586
-421.313	49.1034
-422.025	48.931
-422.737	48.8621
-423.448	48.8621
-424.159	48.9655
-424.871	49.2759
-425.583	48.6552
-426.295	48.7586
-427.007	48.1724
-427.718	49.1379
-428.43	49.069
-429.142	48.4828
-429.855	48.2414
-430.566	49.1379
-431.278	49
-431.991	48.7241
-432.703	48.7931
-433.414	48.8276
-434.127	49.1724
-434.84	48.6552
-435.553	48.8966
-436.266	48.5172
-436.977	48.3104
-437.69	48.9655
-438.404	48.9655
-439.117	48.1379
-439.83	48.1034
-440.542	48.6897
-441.255	49
-441.969	48.1724
-442.682	48.7931
-443.396	48.6552
-444.108	48.8965
-444.822	49.2414
-445.535	48.1724
-446.249	48.6897
-446.963	48.8276
-447.676	49.0345
-448.39	48.2069
-449.104	48.931
-449.818	49.1035
-450.532	48.931
-451.246	48.8276
-451.959	49.3448
-452.674	49
-453.388	48.2759
-454.103	48.5172
-454.817	48.2759
-455.532	48.8621
-456.245	48.1035
-456.96	48.5862
-457.675	48.2759
-458.39	48.2069
-459.104	48.6207
-459.82	48.2069
-460.535	48.8621
-461.248	48.5517
-461.963	48.6207
-462.679	48.6897
-463.394	48.0345
-464.109	48.3793
-464.825	48.6207
-465.541	48.5172
-466.255	48.6207
-466.97	48.3793
-467.686	48.2759
-468.402	49.0345
-469.118	48.2414
-469.833	49
-470.549	48.1034
-471.266	48.6207
-471.982	48.3793
-472.696	48.4138
-473.412	48.1724
-474.129	48.4828
-474.845	48.3104
-475.562	48.6207
-476.278	48.8966
-476.995	48.2069
-477.711	47.931
-478.428	48.1034
-479.145	48.5862
-479.86	48.2759
-480.577	48.3448
-481.294	48.5517
-482.011	48.0345
-482.728	47.8966
-483.445	48.4138
-484.162	47.7931
-484.879	48.3448
-485.597	49.1724
-486.314	48.1379
-487.031	48.2759
-487.749	48.3104
-488.466	48.7586
-489.182	48.3793
-489.9	48.2414
-490.618	47.8276
-491.336	48.4483
-492.054	48.1724
-492.771	48.4138
-493.489	48.6552
-494.208	48.4828
-494.926	47.8966
-495.644	48.0345
-496.362	48
-497.08	48.3103
-497.799	48.4828
-498.517	48.069
-499.236	48.1379
-499.954	48.6552
-500.673	48.2069
-501.392	47.7586
-502.11	48.1379
-502.829	47.7931
-503.548	47.8966
-504.267	47.6552
-504.986	48.9655
-505.705	48.4483
-506.424	47.931
-507.144	48
-507.863	48.931
-508.581	48.2414
-509.3	47.931
-510.019	48.8276
-510.739	48.4828
-511.459	48.3448
-512.178	48.2759
-512.898	47.9655
-513.618	48.069
-514.338	47.6207
-515.057	47.7931
-515.779	48.3104
-516.499	48
-517.219	48.4828
-517.939	48.8621
-518.66	48.2414
-519.38	48.6897
-520.1	48.4483
-520.821	48.1035
-521.541	47.6552
-522.262	48.6552
-522.982	48
-523.703	47.9655
-524.424	48
-525.144	48.1034
-525.865	48.3448
-526.586	47.9655
-527.307	48.4483
-528.028	48.1724
-528.749	48.1379
-529.471	48.6207
-530.192	47.8621
-530.913	48.069
-531.635	47.8276
-532.356	48.4828
-533.077	47.8621
-533.799	47.931
-534.521	47.9655
-535.244	48.3793
-535.966	48.2414
-536.688	47.5862
-537.409	47.6897
-538.131	48.3793
-538.853	48
-539.575	48.2069
-540.298	48.3448
-541.02	47.069
-541.742	47.8965
-542.464	47.2414
-543.187	48.2069
-543.909	47.5517
-544.633	47.8621
-545.356	48.3104
-546.079	48.4138
-546.801	47.7931
-547.524	47.931
-548.247	47.8621
-548.97	48.1034
-549.693	48.1035
-550.416	47.7931
-551.139	47.5862
-551.864	48.3103
-552.587	48.1379
-553.31	47.6552
-554.034	47.8966
-554.757	47.6552
-555.48	48
-556.204	47.8965
-556.928	48
-557.651	47.6207
-558.377	48.1034
-559.1	48.1724
-559.824	47.6552
-560.548	47.3448
-561.272	47.1724
-561.996	48.2759
-562.72	47.1379
-563.446	47.7241
-564.17	48.1379
-564.895	48.1379
-565.619	47.1034
-566.344	48.0345
-567.068	48.1034
-567.793	47.4138
-568.519	47.9655
-569.244	47.7931
-569.968	47.5862
-570.693	48.1035
-571.418	47.1724
-572.143	48.4138
-572.87	47.7586
-573.595	47.6207
-574.32	47.0345
-575.045	48
-575.77	48.2069
-576.496	47
-577.223	47.8276
-577.948	47.1724
-578.674	47.8621
-579.399	47.931
-580.125	47.7241
-580.851	47.7586
-581.578	47.1724
-582.304	48.1379
-583.03	47.6207
-583.756	47.8621
-584.482	47.4138
-585.21	47.4828
-585.936	47.4483
-586.662	47.7241
-587.388	47.6207
-588.115	47.9655
-588.843	47.8621
-589.569	47.4828
-590.296	48.1724
-591.023	47.8621
-591.749	47.5517
-592.478	47.5517
-593.205	47.3448
-593.931	47.8276
-594.658	47.4138
-595.387	47.3793
-596.114	47.5172
-596.841	47.7586
-597.568	47.069
-598.297	47.8966
-599.025	47.5517
-599.752	47.2759
-600.48	47.5517
-601.207	47.2759
-601.936	47.2069
-602.664	47.3793
-603.392	47.8276
-604.119	47.6207
-604.849	47.8965
-605.577	47.5862
-606.305	47.5172
-607.033	47.6552
-607.763	47.6552
-608.491	47.4828
-609.219	47.2759
-609.949	47.2414
-610.677	47.3793
-611.406	47.4138
-612.134	47.0345
-612.865	47.069
-613.593	47.7241
-614.322	46.9655
-615.051	47.8276
-615.781	47.4483
-616.51	47.2759
-617.239	47.4483
-617.97	48.0345
-618.699	47.069
-619.428	47.6552
-620.157	47.8276
-620.888	47.2759
-621.617	48.1034
-622.347	47.2069
-623.078	47.7586
-623.807	47.4138
-624.537	47.8276
-625.268	47.3793
-625.998	47.7931
-626.728	47.4138
-627.458	46.8965
-628.189	47.6207
-628.919	47.7586
-629.649	46.5862
-630.381	47.4483
-631.111	47.5862
-631.841	47.0345
-632.573	47.4138
-633.304	48.1035
-634.034	46.931
-634.766	47.6897
-635.497	46.8276
-636.228	47.3793
-636.96	47.0345
-637.691	47.7241
-638.422	47.4138
-639.154	47.7586
-639.885	47.9655
-640.616	46.8276
-641.349	47.5517
-642.08	47.9655
-642.811	47.1379
-643.544	47.6897
-644.276	47.4138
-645.007	47
-645.74	46.931
-646.472	47.3103
-647.205	47.7931
-647.937	47.2759
-648.668	47.6207
-649.402	47.1034
-650.134	47.2069
-650.866	47.2069
-651.599	47.069
-652.331	47.1379
-653.065	47.4483
-653.797	47.1379
-654.53	47.1724
-655.264	47.7931
-655.996	48.1379
-656.728	47.5517
-657.463	47.3793
-658.195	47.6207
-658.93	47.5172
-659.662	46.7586
-660.395	46.931
-661.13	47.1379
-661.862	46.8276
-662.597	46.5172
-663.33	47.2759
-664.063	47.2759
-664.798	46.6552
-665.531	47.8966
-666.266	46.4138
-667	47.5517
-667.733	47.2759
-668.468	47.4828
-669.202	47.6207
-669.937	47.5862
-670.671	47.2414
-671.406	47.3448
-672.14	47.1035
-672.874	47.5517
-673.61	47.4483
-674.344	47.1035
-675.079	47.6207
-675.814	47.5172
-676.549	47.8276
-677.284	47.3448
-678.018	47.2759
-678.754	47.5172
-679.489	47.3793
-680.225	46.6897
-680.959	47
-681.696	47.3448
-682.431	46.3448
-683.167	47.3448
-683.902	46.7586
-684.639	46.931
-685.374	47.069
-686.109	46.7586
-686.845	46.931
-687.581	47.3448
-688.318	46.6207
-689.053	46.5517
-689.79	46.6207
-690.525	47.2759
-691.263	47.0345
-691.998	46.6207
-692.736	47.5517
-693.471	46.9655
-694.209	46.8621
-694.945	47.069
-695.682	47.4828
-696.418	47.0345
-697.156	46.6896
-697.892	46.6552
-698.63	46.8621
-699.366	46.931
-700.104	47.4138
-700.841	46.5862
-701.579	47.7586
-702.315	46.931
-703.054	47.2069
-703.79	46.931
-704.529	47.3793
-705.265	46.6897
-706.004	47.1724
-706.741	47.3103
-707.479	46.8276
-708.216	47.069
-708.955	46.6207
-709.692	46.8965
-710.431	47.2069
-711.169	47.4483
-711.908	47.1724
-712.645	47.069
-713.384	47.0345
-714.122	46.9655
-714.861	46.7586
-715.601	47
-716.338	47.2759
-717.078	47
-717.816	46.7586
-718.555	46.4828
-719.294	47.2759
-720.033	46.6897
-720.771	46.6207
-721.511	47.4828
-722.25	46.6897
-722.99	46.931
