932.418	1.28156
931.556	1.49012e-008
930.693	0.904157
929.831	0.551169
928.968	0.383895
928.105	0.445192
927.241	0.392179
926.378	0.39633
925.515	0.414766
924.652	0.347487
923.788	0.323064
922.925	0.255784
922.062	0.345645
921.199	0.306934
920.335	0.311078
919.471	0.343793
918.606	0.233627
917.742	0.366341
916.878	0.213339
916.014	0.288907
915.15	0.264474
914.286	0.354326
913.422	0.272749
912.558	0.219742
911.692	0.209568
910.827	0.127988
909.963	0.174978
909.098	0.150539
908.234	0.15467
907.369	0.0445144
906.504	0.0343572
905.637	0.138463
904.772	0.114018
903.907	0.161001
903.042	0.165127
902.177	0.112108
901.311	0.0590882
900.444	0.12033
899.578	0.0387372
898.713	0
897.847	-0.0428572
896.982	0.0714285
896.116	0.0571428
895.248	0.157143
894.382	0.0142857
893.516	-0.0142857
892.65	-5.96046e-008
891.783	-5.96046e-008
890.915	-0.0142857
890.049	-0.0285714
889.182	0.0571429
888.315	0.0428572
887.449	0.0571429
886.58	0.114286
885.713	0.1
884.846	0.0428571
883.979	0.128571
883.112	0
882.243	0.100866
881.376	0.0160156
880.509	0.0168797
879.641	0.146315
878.772	-0.0528185
877.904	0.0194744
877.036	0.063196
876.169	0.0783463
875.299	0.107784
874.431	0.0372203
873.563	0.0952279
872.695	0.0960928
871.825	0.0969597
870.956	0.0121104
870.088	0.0415468
869.22	0.113841
868.349	0.00042218
867.481	0.029859
866.612	0.0592958
865.743	0.0173042
864.872	0.103886
864.003	0.090466
863.134	0.0341889
862.265	0.00648338
861.394	0.0644941
860.525	0.00821722
859.655	0.0519406
858.784	0.109952
857.914	0.0393893
857.045	0.168827
856.175	0.141122
855.303	0.070562
854.434	0
853.564	0.115328
852.692	0.102087
851.821	0.0602729
850.951	-0.0672558
850.081	0.162358
849.209	0.0205466
848.338	0.150161
847.468	0.16549
846.595	0.0665357
845.724	0.0532934
844.854	0.268623
843.981	0.169668
843.11	0.142141
842.239	0.0860417
841.366	0.0870879
840.494	0.173846
839.623	0.0891761
838.75	0.0759369
837.878	0.119838
837.007	-0.00768876
836.133	0.0647866
835.261	0.0658312
834.39	0.00973302
833.516	0.167923
832.644	0.0832537
831.772	0.198584
830.898	0.128203
830.025	0.143534
829.151	0.173153
828.279	0.0884844
827.406	0.160959
826.532	0.190578
825.659	0.148767
824.786	0.149812
823.911	0.0365749
823.038	0.080478
822.163	0.195812
821.29	0.0540013
820.417	0.140762
819.542	0.156096
818.669	0
817.793	0.113776
816.92	0.0275522
816.046	0.112757
815.17	0.0408183
814.297	0.197452
813.421	-0.0459156
812.547	0.125004
811.673	0.0816371
810.797	0.138269
809.923	0.194903
809.046	0.251535
808.172	0.0795968
807.298	0.13623
806.421	0.107148
805.547	0.0494951
804.67	0.0918413
803.795	0.105617
802.918	0.105106
802.043	0.118882
801.168	0.118372
800.291	0.117861
799.416	0.0316364
798.539	0.0454108
797.663	0.0734721
796.786	0.115818
795.91	0.17245
795.033	0.0862247
794.157	0
793.279	0.109521
792.403	0.0333378
791.527	0.0285829
790.649	0.0238171
789.773	0.161918
788.895	0.014294
788.018	-0.00474858
787.14	-0.0238021
786.264	0.228583
785.385	0.0809569
784.508	0.0904841
783.63	0
782.753	-0.0281397
781.874	0.11515
780.997	0.0298678
780.118	-0.0268424
779.241	-0.0692676
778.362	0.00259387
777.484	0.045883
776.605	0.046316
775.727	0.0181766
774.848	0.0757526
773.97	0.0333276
773.09	0.119475
772.212	0.119907
771.332	0.0631976
770.454	0.0493442
769.574	0.149778
768.696	0.107353
767.816	0.0935005
766.937	0.0367902
766.057	0.122938
765.176	0.0519429
764.298	0.109518
763.417	-0.0757623
762.538	0.0532418
761.657	0.0536755
760.778	0.0969654
759.897	0.154542
759.018	-0.0307393
758.137	0.0268373
757.258	0.170128
756.376	0.0991329
755.495	-0.0147188
754.615	0
753.734	-0.0135345
752.854	-0.0270707
751.972	0.0308235
751.092	0.0458589
750.21	0.0323246
749.328	0.118791
748.448	0.105255
747.566	0.077435
746.685	0.106757
745.803	0.178937
744.92	-0.00602537
744.04	0.194725
743.157	0.095477
742.276	0.0390846
741.393	0.182694
740.511	0.154875
739.63	0.14134
738.746	0.0420922
737.865	0.0142716
736.982	0.186453
736.099	0.0443482
735.217	0.102242
734.333	0.160138
733.452	0.0466033
732.568	0.13307
731.684	0.0909665
730.802	0.120289
729.918	0.106757
729.034	0.0360814
728.152	0.0511187
727.268	0.151872
726.386	0.095481
725.501	0.139092
724.617	0.0112739
723.734	0.0977402
722.85	0.0699226
721.965	0.0706764
721.082	0
720.197	0.126787
719.312	0.0250016
718.429	0.0232204
717.544	0.0928636
716.658	0.0767922
715.775	0.0321533
714.89	0.101796
714.004	0.157153
713.12	0.126799
712.235	0.0964413
711.349	0.0660832
710.465	-0.0356997
709.579	0.133942
708.693	-0.0821308
707.809	0.0732287
706.923	0.0285841
706.036	0.0267963
705.15	-0.00356293
704.265	0.0803674
703.379	0.121436
702.492	0.0196479
701.607	0.117863
700.721	0.0875032
699.834	0
698.949	0.157737
698.062	-0.0702399
697.174	-0.112502
696.287	-0.0119068
695.402	0.0886871
694.514	0.0749966
693.627	0.0470204
692.739	0.0476158
691.853	0.0339241
690.966	0.0345197
690.078	0.092258
689.192	0.149995
688.304	0.0934479
687.416	0.0369009
686.527	0.108925
685.641	-0.0333375
684.753	0.152973
683.864	0.0964258
682.976	0.0255932
682.089	0.154759
681.2	-0.0589302
680.311	-0.0011912
679.422	0.0279765
678.535	0
677.646	0.0190465
676.757	-0.047621
675.868	0.0857122
674.979	0.0904743
674.091	0.0237977
673.202	-1.07288e-005
672.312	0.0618959
671.422	0.0238028
670.534	0.114271
669.644	0.176179
668.755	0.0523728
667.864	0.142853
666.974	0.176191
666.086	0.180947
665.196	0
664.305	0.126533
663.415	0.0959223
662.524	0.293883
661.636	0.134706
660.745	0.146952
659.854	0.173483
658.963	0.242872
658.072	0.197975
657.181	0.153077
656.292	0.0653269
655.4	0.00614321
654.509	0.218388
653.618	0.0163468
652.726	0.128591
651.836	0.169411
650.945	0.0816552
650.053	0.0367562
649.161	0.120428
648.269	0.118386
647.377	0.0592005
646.485	0.171443
645.595	0.0265478
644.702	0.167362
643.81	-0.0489674
642.917	0.163275
642.025	0.061231
641.132	0.11633
640.239	0
639.348	0.15767
638.455	0.143913
637.562	-0.0555583
636.669	0.0735419
635.776	0.145499
634.883	0.174599
633.989	0.0608427
633.096	0.0613716
632.204	0.0904708
631.311	-0.0518574
630.417	0.177243
629.523	0.0206294
628.629	0.0783015
627.735	0.0788307
626.841	0.165074
625.947	0.151318
625.053	0.166133
624.16	0.0809469
623.266	-0.0328093
622.371	0.139149
621.477	0.0682499
620.582	0.0544938
619.687	0.0407378
618.792	0.112696
617.897	0.141797
617.002	-0.0148156
616.107	0
615.212	0.00356936
614.316	0.0642818
613.421	-0.00357682
612.528	0.0714141
611.632	0.160699
610.736	0.16427
609.841	0.0106988
608.945	0.21427
608.049	0.174985
607.153	0.0499864
606.257	0.067845
605.36	0.0714182
604.464	0.0892774
603.568	0.149994
602.671	0.28214
601.775	0
600.878	0.170834
599.981	0.127382
599.084	0.126788
598.188	0.154764
597.291	0.225598
596.393	0.139289
595.496	0.138694
594.599	0.0238133
593.702	0.137504
592.804	0.00833744
591.907	0.136314
591.009	0.192861
590.111	0.135123
589.213	0.0916708
588.316	0.0339325
587.418	0.247623
586.52	0.0898844
585.621	0.103575
584.723	0.174408
583.825	0.216669
582.926	0.144645
582.028	0.101192
581.129	0.0291673
580.231	0
579.332	0.140479
578.433	0.138101
577.534	-0.0499921
576.635	0.161915
575.736	0.130965
574.837	0.0857282
573.937	0.0833488
573.038	0.138112
572.138	0.107161
571.239	0.204781
570.339	0.0738287
569.439	0.185734
568.54	0.0976388
567.64	0.109543
566.74	0.0785906
565.839	0.033352
564.939	-0.011887
564.039	0.0143025
563.139	0.0833488
562.238	0.238109
561.338	-0.0357022
560.435	0.104767
559.534	0.0166691
558.633	0
557.732	0.033609
556.831	0.124361
555.93	0.115114
555.029	0.0487239
554.128	0.210906
553.227	0.10166
552.325	0.0638433
551.424	0.0545985
550.522	0.131068
549.618	0.121836
548.716	0.141164
547.815	0.189064
546.913	0.0655359
546.01	0.156294
545.108	0.0899096
544.206	0.152097
543.304	0
542.401	0.0680054
541.499	0.164582
540.594	0.146864
539.691	0.186297
538.789	0.111444
537.886	0.150876
536.983	0.0903082
536.08	0.0868824
535.177	0.0263136
534.273	0.194316
533.368	0.0908814
532.465	0.0160259
531.561	0.24117
530.658	0.194885
529.754	0.0914572
528.85	0.188029
527.946	-0.0296858
527.04	0.095449
526.136	0.106305
525.232	0.0885899
524.328	0.113731
523.424	0.0674437
522.519	0.0640131
521.613	0.132003
520.708	0
519.803	0.0714285
518.899	0.0428572
517.994	0.0714286
517.089	0.142857
516.182	0.0428572
515.277	0.1
514.372	0.0571428
513.466	-0.0285714
512.561	0.1
511.653	0.0571429
510.748	-0.0142857
509.842	0.0428572
508.936	0.142857
508.031	0.0857143
507.125	-0.0857143
506.217	0.0857143
505.311	0.0142857
504.404	0.0857143
503.498	0.0142857
502.59	0.0142857
501.683	0.185714
500.777	0.0714286
499.87	0.0571429
498.963	0.0714286
498.054	0.0857143
497.148	0.0571429
496.241	0.1
495.333	0.114286
494.424	0.0571429
493.517	0
492.61	0.11368
491.702	0.0416448
490.795	0.112467
489.885	0.0690023
488.977	0.0398245
488.069	0.0535038
487.161	0.11004
486.251	0.0380036
485.343	0.0802541
484.435	0.0796475
483.527	0.0218979
482.617	0.0212898
481.708	0.0492543
480.8	0.120076
479.891	0.205183
478.98	0.0617177
478.071	0.103968
477.163	0.0605034
476.251	0.0598948
475.342	0.102145
474.433	0.0443945
473.524	0.129501
472.613	0.100321
471.703	0.113999
470.794	0.0705346
469.882	-0.0157887
468.972	0.0693179
468.063	0.125853
467.153	-0.0461833
466.241	0.0960645
465.331	0.0525993
464.42	0.0519913
463.508	0.12281
462.598	-0.0349405
461.687	0.150166
460.775	0.0781274
459.864	0.0346619
458.953	-0.0802321
458.041	0.104872
457.13	0.11855
456.219	0.0750839
455.306	0.145902
454.395	0.0310081
453.483	0.0732565
452.57	0.115503
451.658	0.0863232
450.747	0
449.833	0.0575288
448.922	0.100771
448.01	0.0868705
447.096	0.115828
446.184	0.216213
445.272	-0.0405444
444.358	-0.0115867
443.445	0.0602272
442.533	0.117755
441.619	0.0324275
440.706	0.0613843
439.793	0.0189127
438.879	-0.0378437
437.966	-0.00888681
437.051	-0.0513574
436.138	0.0347425
435.225	0.0208425
434.31	0.078372
433.397	0.0787578
432.483	0.0791435
431.568	-0.0776126
430.654	0.137059
429.739	0.0945886
428.825	0.0521175
427.911	0.0667892
426.995	0.181462
426.081	-0.0181521
425.165	0.0536635
424.251	0.0254782
423.337	0.168721
422.42	0.0548229
421.506	0.0837806
420.589	0.155596
419.675	0.184554
418.76	0.0277976
417.843	0.0424707
416.928	0
416.011	0.0566503
415.096	0.0133017
414.181	0.227096
413.264	0.0266032
412.348	0.154683
411.431	-0.0172384
410.515	0.139413
409.598	0.110349
408.682	0.0527138
407.764	0.0807922
406.848	0.00887173
405.932	0.0798084
405.014	0.250744
404.098	0.207395
403.18	0.106901
402.263	0.00640923
401.345	0.105916
400.428	0.0625665
399.51	0.0906445
398.593	0.0758665
397.674	0.132516
396.757	0.0748805
395.84	0.188674
394.921	0.08818
394.004	0.059116
393.085	-0.0128063
392.167	0.0581295
391.248	0.000492811
390.33	0
389.411	0.228611
388.493	0.114365
387.573	0.100119
386.655	0.143016
385.735	0.200199
384.817	-0.0140473
383.897	0.143135
382.978	0.114604
382.058	0.0717863
381.14	0.128969
380.219	0.114723
379.3	0.0147629
378.38	0.186231
377.461	0.1577
376.54	0.114882
375.621	0.157779
374.7	0.143533
373.78	-0.0564269
372.859	0.100756
371.94	-0.0134902
371.018	0.143692
370.099	0.158018
369.177	0.0866293
368.255	0.100955
367.335	0.086709
366.413	0.11532
365.493	0.0153601
364.571	0.143971
363.651	0.11544
362.729	0.186908
361.808	0.0726624
360.886	0.129845
359.965	0.115599
359.042	0.129925
358.12	0.115679
357.199	0.115719
356.276	0.272902
355.355	0.172942
354.432	0.0729815
353.51	-0.0698359
352.587	0.0587755
351.663	0.158815
350.742	0.0588554
349.818	0.101752
348.897	0.0732209
347.973	0.101832
347.051	0.059015
346.127	0.0447693
345.203	0.230523
344.281	0.0877063
343.356	0.27346
342.434	0.130643
341.51	0.202112
340.585	0.0735804
339.663	0.0450489
338.738	0.130803
337.815	0.159415
336.89	0.159455
335.965	0.102352
335.042	0.0595345
334.117	0.188146
333.191	0.102472
332.268	0.116797
331.343	0.102552
330.419	0.188306
329.493	0.17406
328.568	0.1741
327.644	0.216997
326.718	0.0741803
325.792	0.145649
324.868	0.231403
323.941	0.160015
323.017	0.160055
322.091	0.131523
321.164	0.17442
320.24	0.160175
319.313	0.231643
318.386	0.260255
317.461	0.146009
316.534	0.203192
315.607	0.146089
314.682	0.117558
313.755	0.117598
312.828	0.103352
311.902	0.14625
310.975	0.203433
310.047	0.0606157
309.121	0.0606557
308.194	0.160696
307.266	0.160736
306.34	0.160776
305.412	0.217959
304.483	0.117999
303.557	0.175182
302.629	0.089508
301.7	0.189548
300.774	0.175303
299.845	0.1182
298.917	0.246811
297.988	0.21828
297.061	0.204035
296.132	0.146932
295.203	0.175544
294.276	0.175584
293.346	0.0756239
292.417	0.0613783
291.487	0.104276
290.56	0.261459
289.63	0.232927
288.7	0.232968
287.773	0.204436
286.843	0.333048
285.913	0.26166
284.982	0.104557
284.054	0.204597
283.124	0.26178
282.193	0.290392
281.263	0.204718
280.334	0.261901
279.404	0.176227
278.473	0.319124
277.542	0.276307
276.613	0.419205
275.682	0.219245
274.751	0.262143
273.819	0.333611
272.89	0.219366
271.959	0.190835
271.027	0.262304
270.096	0.27663
269.166	0.105241
268.234	0.290996
267.302	0.291036
266.37	0.362505
265.44	0.262545
264.508	0.176871
263.576	0.219769
262.643	0.305523
261.711	0.291278
260.78	0.362747
259.847	0.377073
258.915	0.377113
257.982	0.120011
257.051	0.348622
256.118	0.277234
255.185	0.262989
254.252	0.377315
253.318	0.377355
252.387	0.420253
251.453	0.448865
250.52	0.377476
249.586	0.377517
248.652	0.4347
247.718	0.563312
246.786	0.563352
245.852	0.434821
244.918	0.420576
243.984	0.392045
243.049	0.492085
242.117	0.563554
241.182	0.563594
240.248	0.692207
239.313	0.44939
238.378	0.578002
237.443	0.663756
236.51	0.549511
235.575	0.563837
234.64	0.72102
233.705	0.663918
232.769	0.449673
231.834	0.649713
230.898	0.549754
229.965	0.56408
229.029	0.649835
228.093	0.678446
227.157	0.649916
226.221	0.878528
225.285	0.721425
224.348	0.635751
223.414	0.60722
222.478	0.692975
221.541	0.835873
220.605	0.650199
219.668	0.578811
218.731	0.75028
217.794	0.636035
216.857	0.850361
215.92	0.450402
214.985	0.579014
214.048	0.49334
213.11	0.636238
212.173	0.593421
211.235	0.536318
210.297	0.679216
209.36	0.650685
208.422	0.622155
207.484	0.650766
206.546	0.193664
205.61	0.607991
204.671	0.508031
203.733	0.693786
202.795	0.522398
201.856	0.55101
200.918	0.579622
199.979	0.565377
199.04	0.579703
198.101	0.565458
197.162	0.522642
196.223	0.608397
195.284	0.608437
194.345	0.479906
193.407	0.73709
192.468	0.351416
191.528	0.580028
190.589	0.422926
189.649	0.508681
188.709	0.551579
187.769	0.637334
186.829	0.665946
185.889	0.537415
184.949	0.537456
184.008	0.580354
183.068	0.737537
182.127	0.680435
181.187	0.751904
180.246	0.451945
179.305	0.594843
178.364	0.709169
177.423	0.70921
176.482	0.709251
175.541	0.609291
174.6	0.852189
173.658	0.666515
172.717	0.680842
171.775	0.766597
170.834	0.952352
169.892	0.866678
168.95	0.881005
168.008	0.981046
167.066	0.852515
166.124	0.823984
165.182	0.952596
164.239	0.938351
163.297	0.995535
162.354	1.02415
161.412	0.781331
160.469	1.03851
159.526	1.02427
158.583	0.967168
157.64	0.981494
156.697	1.11011
155.754	0.995861
154.811	1.22447
153.867	0.9388
152.924	1.03884
151.98	1.15317
151.037	0.967494
150.093	1.09611
149.149	1.21043
148.205	1.03905
147.261	1.19623
146.317	1.22484
145.373	1.32488
144.428	1.23921
143.484	1.36782
142.539	1.15358
141.595	1.19647
140.65	1.18223
139.705	1.38227
138.76	1.73945
137.813	1.62521
136.868	1.52525
135.923	1.43958
134.977	1.46819
134.032	1.55394
133.087	1.88256
132.141	1.65403
131.195	2.09692
130.25	2.15411
129.304	2.25415
128.358	2.49705
127.412	2.73994
126.466	3.06856
125.517	2.9686
124.571	3.4115
123.624	3.09725
122.678	3.68301
121.731	3.56876
120.784	3.85452
119.838	3.82599
118.891	3.6546
117.944	3.56893
116.997	3.56897
116.047	3.55472
115.1	3.66905
114.152	3.29766
113.205	3.81199
112.257	3.75489
111.31	3.85493
110.362	3.8264
109.414	3.55501
108.464	3.79791
107.516	3.99795
106.568	3.79799
105.619	3.96946
104.671	4.74093
103.723	4.9124
102.774	5.22672
101.825	5.29819
100.874	5.94109
99.9256	6.55542
98.9766	7.38403
98.0276	8.1555
97.0784	9.8984
96.1292	10.6556
95.1799	12.4842
94.2283	13.7414
93.2788	15.6414
92.3292	16.8272
91.3795	18.2844
90.4296	20.2273
89.4797	22.513
88.5276	24.2845
87.5775	24.956
86.6273	24.9703
85.677	25.8989
84.7266	25.8846
83.774	24.0704
82.8234	21.7133
81.8727	19.6848
80.9219	17.4134
79.971	15.4849
79.0201	14.2278
78.0669	12.3421
77.1157	10.7707
76.1644	9.3993
75.2131	8.5422
74.2616	7.9851
73.3079	7.24228
72.3563	6.49947
71.4045	6.17094
70.4527	6.17098
69.5007	5.45674
68.5466	4.91392
67.5944	4.72825
66.6422	4.97115
65.6899	4.68547
64.7353	4.48551
63.7828	4.37127
62.8302	3.89988
61.8774	3.59992
60.9246	3.91425
59.9696	3.48572
59.0166	3.45719
58.0635	3.27152
57.1103	3.17156
56.1548	3.10017
55.2014	2.78593
54.2479	3.28597
53.2943	2.90029
52.3385	2.98605
51.3847	2.81466
50.4308	2.57185
49.4769	2.62903
48.5206	2.24336
47.5665	2.32911
46.6122	2.44344
45.6578	2.27205
44.7012	2.28638
43.7467	2.58642
42.792	2.42932
41.8351	2.5865
40.8802	2.50083
39.9253	2.45801
38.9702	2.55806
38.013	2.41524
37.0577	2.601
36.1024	2.64389
35.1469	2.85822
34.1892	2.61541
33.2336	2.68688
32.2779	2.65835
31.3199	2.62982
30.364	2.92986
29.408	2.87276
28.4497	2.48708
27.4935	3.08712
26.5372	2.61574
25.5807	2.75864
24.6221	2.50153
23.6655	2.61586
22.7088	2.74447
21.7498	2.51594
20.7929	2.75884
19.8359	2.43031
18.8767	2.83035
17.9195	2.65897
16.9622	2.71615
16.0026	2.87334
15.0452	2.83052
14.0876	2.95913
13.1277	3.21632
12.17	3.35922
11.2121	3.37354
10.252	3.90215
9.29388	4.0022
8.33571	4.33081
7.37529	4.64514
6.41692	4.77375
5.45845	4.90236
4.49774	9.94526
3.53908	27.2596
2.58032	55.6311
1.61931	91.1597
0.660352	132.203
-0.2987	119.245
-1.26001	59.1312
-2.21925	49.9313
-3.18076	39.2599
-4.1402	16.9313
-5.09974	6.51711
-6.06154	3.83143
-7.02128	3.86005
-7.98112	3.86009
-8.94321	3.74584
-9.90324	3.50303
-10.8655	3.18878
-11.8258	3.16025
-12.7861	3.18887
-13.7487	2.63177
-14.7092	2.56038
-15.6698	2.53185
-16.6327	2.8176
-17.5935	2.63193
-18.5566	2.61769
-19.5176	2.37487
-20.4787	2.61777
-21.4421	2.3321
-22.4034	2.275
-23.367	2.17504
-24.3285	2.27508
-25.2922	2.38941
-26.2539	2.28945
-27.2157	2.23235
-28.1798	2.18953
-29.1418	2.43243
-30.1061	2.24676
-31.0683	2.08966
-32.0306	2.30398
-32.9951	2.38974
-33.9576	2.3755
-34.9224	2.17554
-35.885	2.28987
-36.85	2.26134
-37.8129	2.00423
-38.778	2.34713
-39.7411	2.03289
-40.7043	2.0615
-41.6697	1.91869
-42.6331	1.80444
-43.5988	1.86163
-44.5623	1.9331
-45.5282	1.89028
-46.4919	1.89032
-47.458	1.99037
-48.422	1.99041
-49.3882	1.83331
-50.3524	2.30478
-51.3166	2.00482
-52.2832	2.39057
-53.2476	2.26204
-54.2144	2.09066
-55.179	2.37641
-56.1459	2.50503
-57.1108	2.43364
-58.0779	2.54797
-59.043	2.67658
-60.0103	2.84805
-60.9756	3.10524
-61.9431	2.86242
-62.9086	2.84818
-63.8763	3.16251
-64.8419	3.0054
-65.8098	3.49116
-66.7757	3.36263
-67.7438	3.80553
-68.7099	3.71986
-69.6782	3.5199
-70.6444	3.97708
-71.6129	4.61998
-72.5794	4.47717
-73.5481	5.44864
-74.5147	5.42011
-75.4837	6.24872
-76.4505	6.73448
-77.4196	6.97738
-78.3867	8.77742
-79.356	8.69175
-80.3232	10.9061
-81.2927	11.7204
-82.2602	13.3633
-83.2299	14.9348
-84.1997	15.7062
-85.1674	16.9634
-86.1374	17.7206
-87.1053	16.9064
-88.0756	16.6636
-89.0437	16.2636
-90.0141	14.6208
-90.9824	13.478
-91.953	11.2494
-92.9216	10.2638
-93.8924	9.32095
-94.8633	8.29242
-95.8321	7.32103
-96.8032	6.00679
-97.7722	5.56397
-98.7435	5.00687
-99.7128	4.36406
-100.684	3.4641
-101.656	3.43557
-102.625	3.26418
-103.597	3.22137
-104.567	2.50712
-105.539	2.67859
-106.509	2.45006
-107.481	2.36439
-108.453	2.493
-109.424	2.20733
-110.396	2.25023
-111.367	2.16456
-112.339	1.89317
-113.312	1.9075
-114.283	2.23611
-115.256	2.20758
-116.227	1.97905
-117.2	1.7791
-118.173	1.90771
-119.144	2.09347
-120.118	2.26494
-121.089	2.07927
-122.063	2.12216
-123.037	1.85078
-124.009	1.85082
-124.983	1.87943
-125.954	1.70805
-126.929	1.43666
-127.903	1.5367
-128.875	1.30817
-129.85	1.23679
-130.824	1.02254
-131.797	1.03687
-132.772	1.10834
-133.747	0.936956
-134.719	1.00843
-135.694	1.10847
-136.668	1.00851
-137.643	0.794267
-138.618	0.894309
-139.592	0.837209
-140.567	0.865822
-141.543	0.737293
-142.516	0.508764
-143.492	0.608806
-144.468	0.63742
-145.442	0.60889
-146.419	0.637504
-147.395	0.666118
-148.369	0.56616
-149.346	0.594773
-150.322	0.523387
-151.297	0.609144
-152.274	0.4949
-153.25	0.452085
-154.225	0.580699
-155.202	0.509313
-156.18	0.52364
-157.155	0.552254
-158.132	0.652296
-159.11	0.495196
-160.085	0.566667
-161.063	0.609566
-162.041	0.495322
-163.019	0.523936
-163.994	0.466836
-164.973	0.366878
-165.951	0.495492
-166.927	0.40982
-167.905	0.267005
-168.884	0.381333
-169.863	0.395661
-170.839	0.424275
-171.818	0.367174
-172.797	0.395788
-173.774	0.410116
-174.753	0.410158
-175.732	0.181629
-176.711	0.224529
-177.689	0.424571
-178.668	0.381756
-179.648	0.238941
-180.625	0.296126
-181.605	0.296169
-182.585	0.239068
-183.565	0.239111
-184.543	0.339153
-185.523	0.239195
-186.504	0.182095
-187.484	0.367852
-188.463	0.239323
-189.443	0.267936
-190.424	0.19655
-191.405	0.253736
-192.384	0.239492
-193.365	0.210963
-194.346	0.239577
-195.327	0.125334
-196.306	0.239662
-197.288	0.211133
-198.269	0.325461
-199.251	0.168361
-200.231	0.325546
-201.212	0.239874
-202.194	0.411345
-203.176	0.197102
-204.159	0.382859
-205.139	0.240044
-206.121	0.282944
-207.104	0.125843
-208.086	0.225886
-209.069	0.2545
-210.049	0.211685
-211.032	0.254585
-212.015	0.21177
-212.998	0.383241
-213.979	0.368998
-214.963	0.197612
-215.946	0.31194
-216.93	0.326268
-217.913	0.183454
-218.897	0.312068
-219.878	0.283539
-220.862	0.297867
-221.846	0.255052
-222.83	0.326523
-223.815	0.240852
-224.797	0.312323
-225.781	0.212366
-226.766	0.240979
-227.75	0.212451
-228.735	0.169636
-229.72	0.326822
-230.703	0.198293
-231.688	0.298335
-232.673	0.298378
-233.658	0.312706
-234.643	0.198463
-235.629	0.269934
-236.612	0.412834
-237.598	0.241448
-238.583	0.298634
-239.569	0.141533
-240.555	0.241576
-241.541	0.298762
-242.525	0.0988041
-243.511	0.241704
-244.498	0.213175
-245.484	0.313218
-246.471	0.170403
-247.457	0.170446
-248.444	0.0990601
-249.431	0.127674
-250.416	0.127717
-251.403	0.127759
-252.39	0.113517
-253.377	0.127845
-254.365	0.0993162
-255.352	0.099359
-256.34	0.156545
-257.327	0.142302
-258.313	0.0566298
-259.301	0.0281011
-260.289	0.156715
-261.277	0.185329
-262.265	0.0425152
-263.253	0.213986
-264.242	0.171172
-265.23	0.128358
-266.219	0.099829
-267.205	-0.000128329
-268.194	0.171343
-269.183	0.0713857
-270.172	0
-271.161	0.142554
-272.151	0.113679
-273.14	0.170519
-274.129	0.0987868
-275.119	0.0556263
-276.108	0.0981801
-277.098	0.197877
-278.088	0.0975731
-279.076	-0.0170154
-280.066	0.168395
-281.056	0.125235
-282.046	0.0392168
-283.036	0.124627
-284.027	0.210038
-285.017	0.0811629
-286.008	0.0522877
-286.999	0.0662697
-287.99	0.00882298
-288.981	0.0799478
-289.972	0.0653582
-290.963	0.07934
-291.954	0.036179
-292.946	0.0787321
-293.937	0.107
-294.929	0.0209813
-295.92	0.0921059
-296.91	0.0918025
-297.902	0.148641
-298.894	0.0340514
-299.886	0.105176
-300.878	0.104872
-301.87	0.104567
-302.863	0.0328345
-303.855	0.0753873
-304.848	0.00365448
-305.841	0.160493
-306.834	-0.0255257
-307.826	0.17417
-308.819	0.116723
-309.813	0.0878466
-310.806	0.0446849
-311.799	0.0586661
-312.793	0.172647
-313.786	0.0866283
-314.78	-0.0136763
-315.774	0.0574476
-316.767	0
-317.761	-0.0407438
-318.755	0.118513
-319.75	0.0777693
-320.744	0.137026
-321.738	0.0534262
-322.733	0.0841121
-323.727	0.0576553
-324.722	0.116913
-325.717	0.076171
-326.712	0.0640007
-327.707	0.251831
-328.702	-0.0317679
-329.697	0.070348
-330.692	0.143893
-331.688	0.0888664
-332.683	0.0338403
-333.679	0.0931
-334.674	0.095217
-335.67	0.168763
-336.666	0.099452
-337.662	0.0587126
-338.661	0.0465497
-339.657	0.0772393
-340.653	0.065072
-341.65	0.210048
-342.646	0.183595
-343.643	0
-344.64	-0.0131892
-345.636	0.130765
-346.633	0.20329
-347.631	0.118673
-348.628	0.0911981
-349.625	0.120867
-350.622	0.121964
-351.62	0.19449
-352.617	0.0384443
-353.615	0.082399
-354.613	0.0834968
-355.613	0.156026
-356.611	0.214266
-357.609	0.143936
-358.607	0.216462
-359.606	0.117561
-360.604	0.0472305
-361.603	0.191186
-362.601	0.106571
-363.6	0.107669
-364.599	0.151625
-365.598	0.181296
-366.597	0.182395
-367.598	0.154925
-368.597	0.184596
-369.597	0.142838
-370.596	0.215366
-371.596	0.159323
-372.595	0.174708
-373.595	0.147236
-374.595	0.191194
-375.595	0.263722
-376.595	0.136251
-377.598	0.237354
-378.598	-0.0615458
-379.598	0.153841
-380.599	0.169227
-381.599	0.184613
-382.6	0
-383.601	0.201297
-384.602	0.302594
-385.605	0.11818
-386.606	0.27662
-387.608	0.120774
-388.609	0.236358
-389.61	0.166227
-390.612	0.210382
-391.614	0.140251
-392.618	0.255838
-393.619	0.0571361
-394.621	0.0584345
-395.623	0.188304
-396.626	0.146746
-397.628	0.0909019
-398.63	0.277915
-399.635	0.193503
-400.638	0.151945
-401.64	0.181816
-402.643	0.0688292
-403.646	0.241557
-404.649	0
-405.654	0.108788
-406.658	0.131874
-407.661	0.197817
-408.664	0.120901
-409.668	0.101129
-410.672	0.124212
-411.678	0.175854
-412.682	0.141794
-413.685	0.122019
-414.69	0.130814
-415.694	0.0824664
-416.7	0.162677
-417.705	0.114328
-418.709	0.180264
-419.714	0.00334278
-420.718	0.0978491
-421.723	0.120926
-422.73	0.158277
-423.735	0.12421
-424.741	0.0329997
-425.746	0.0560747
-426.753	0.0362796
-427.759	0.030782
-428.764	0.0395697
-429.77	0.0626423
-430.776	0
-431.784	-0.111605
-432.79	-0.00892949
-433.796	0.0651746
-434.802	-0.00357819
-435.808	0.041955
-436.817	0.187495
-437.823	0.147314
-438.83	0.12142
-439.837	0.0383825
-440.846	0.0267802
-441.853	-0.0562562
-442.86	0.103565
-443.867	0.0205287
-444.876	0.237499
-445.884	0.0973208
-446.891	0
-447.899	0.0464252
-448.908	-0.00714117
-449.916	0.0964276
-450.924	0.0428541
-451.932	0.0464238
-452.942	-0.00714108
-453.951	0.0392863
-454.959	0
-455.967	0.0683714
-456.978	-0.0346929
-457.987	0.162249
-458.995	0.0306196
-460.004	0.0989897
-461.015	0.153067
-462.024	0.121436
-463.033	0.0612342
-464.043	0.101032
-465.054	0.026536
-466.064	-0.00509572
-467.073	0.0347007
-468.085	0.0459185
-469.095	0
-470.105	0.0142857
-471.115	0.0857143
-472.127	0.0571428
-473.137	0.214286
-474.148	0.0571429
-475.16	0.271429
-476.171	-0.0857143
-477.181	-0.0714286
-478.192	0
-479.205	0.0714286
-480.216	-0.0428571
-481.227	0.0285714
-482.241	0
-483.252	0.0563038
-484.263	-0.00167817
-485.277	0.026052
-486.288	0.182356
-487.3	0.038659
-488.314	0.166389
-489.326	0.0369779
-490.338	-0.0781474
-491.352	-0.00756049
-492.365	0.020171
-493.377	0.105045
-494.392	0.0899177
-495.404	-0.0109223
-496.417	0.0310945
-497.432	0.158824
-498.445	0.0436977
-499.458	0
-500.473	-0.0571428
-501.486	0.0285715
-502.499	0.0285715
-503.515	0.0571429
-504.529	-0.0285714
-505.542	0.0285715
-506.558	5.96046e-008
-507.572	0.0571429
-508.586	-0.0142857
-509.602	0.0428572
-510.616	0.128571
-511.63	0.0285715
-512.647	0.157143
-513.661	0.0571429
-514.678	0.1
-515.693	0.114286
-516.708	0.128572
-517.725	0.0285715
-518.74	0.0285715
-519.755	0.142857
-520.772	-0.0285714
-521.788	0.0285715
-522.805	0.0857143
-523.821	0.0571429
-524.836	0.0142857
-525.854	0
-526.87	0.0727246
-527.888	0.0168809
-528.905	0.103892
-529.921	0.0480452
-530.939	0.0207734
-531.956	0.0506415
-532.972	0.0662242
-533.991	0.0818098
-535.008	0.0545355
-536.027	0.0558357
-537.044	0.0571332
-538.063	0.201291
-539.08	0.0454456
-540.097	0.0753149
-541.117	0.0909015
-542.134	0.0207711
-543.154	0.0220723
-544.172	0.0519421
-545.19	0.038955
-546.21	0.0402565
-547.228	0.0272695
-548.248	0
-549.266	-0.016879
-550.287	-0.0337642
-551.305	0.0350703
-552.324	0.0181904
-553.345	0.0441616
-554.363	0.112996
-555.384	0.0246803
-556.403	0.022085
-557.425	0.0623407
-558.444	0.0597448
-559.465	0
-560.485	0.103565
-561.504	0.0071305
-562.526	-0.017867
-563.546	0.0999849
-564.568	0.117845
-565.588	-0.0357306
-566.61	0.167845
-567.63	0.128555
-568.653	0.0749886
-569.673	0.00712848
-570.696	0.0678481
-571.716	0.0714175
-572.739	0.0321379
-573.76	0.121422
-574.781	0.053564
-575.804	0
-576.825	0.1
-577.849	0.0571428
-578.87	0.0571428
-579.894	0.0857143
-580.915	0
-581.939	-0.0285715
-582.961	-0.0857143
-583.985	0.228571
-585.007	0.257143
-586.031	0.0571429
-587.054	0
-588.078	0.00833029
-589.101	0.0452444
-590.125	0.110716
-591.148	0.0333436
-592.173	0.0416712
-593.196	-0.0214173
-594.221	0.0726234
-595.244	0.0809627
-596.269	0.0607163
-597.293	-0.030946
-598.318	0.0916637
-599.342	0
-600.368	0.0142857
-601.391	-0.1
-602.417	-0.0142857
-603.441	0.0142857
-604.468	0.0285714
-605.494	0.0571429
-606.518	0.0142857
-607.545	0.0142857
-608.569	-0.0428571
-609.596	0.0428572
-610.621	0.1
-611.648	5.96046e-008
-612.673	0.0285714
-613.7	-0.0857144
-614.725	0.0142856
-615.753	0.0571428
-616.778	0.142857
-617.806	0.0857142
-618.833	0.0571428
-619.859	0.0571429
-620.887	-0.0142857
-621.913	0.0285714
-622.941	0.0142857
-623.967	0
-624.996	-0.0246744
-626.022	0.107786
-627.051	0.0116841
-628.08	0.0155826
-629.106	0.0623299
-630.135	0.00908637
-631.162	0.0558344
-632.191	-0.0545512
-633.218	0.0493406
-634.248	-0.0467583
-635.277	0
-636.305	0.112427
-637.335	0.0819923
-638.362	0.0658473
-639.392	-0.0503019
-640.422	0.0621199
-641.45	0.0602602
-642.48	-0.0701754
-643.509	0.0565358
-644.539	0.111814
-645.57	0.0528064
-646.598	0.00808853
-647.629	0.00622332
-648.658	0.0757907
-649.689	0.102497
-650.72	0.043488
-651.749	0.0559119
-652.781	0.0254744
-653.81	-0.019245
-654.841	-0.00682586
-655.873	-0.0229783
-656.903	0.018016
-657.935	0.101863
-658.964	0
-659.997	0.0142857
-661.029	0.0285714
-662.059	-0.0285714
-663.092	0.0428572
-664.124	0.0428572
-665.155	-0.0714286
-666.187	0.0428572
-667.22	0
-668.251	0.0857143
-669.284	0.1
-670.315	0.0857143
-671.349	-0.0142857
-672.382	0.157143
-673.414	0.0428572
-674.447	0.0714286
-675.481	-0.0142857
-676.513	-0.0571429
-677.547	0.0857143
-678.581	0.0428571
-679.613	0.0714286
-680.647	0.0285714
-681.682	0
-682.714	-0.0392935
-683.749	0.0642785
-684.784	0.0821365
-685.816	0.0142727
-686.851	0.117846
-687.886	0.0499907
-688.919	0.024985
-689.955	0.0999879
-690.99	0.14642
-692.023	0.078558
-693.059	0.053562
-694.095	0.0857092
-695.129	0.0464203
-696.165	0.035711
-697.201	0.0535735
-698.235	0
-699.271	0.140001
-700.307	0.0228595
-701.344	0.0200029
-702.378	0.0885811
-703.415	0.20001
-704.452	0.0685812
-705.487	0.0228727
-706.524	0.0771576
-707.561	0.117156
-708.596	0.0857328
-709.634	0.0543024
-710.671	0.0943003
-711.709	-0.108559
-712.744	0.0600161
-713.782	0.128585
-714.82	-0.0457045
-715.856	0.0800126
-716.894	-0.0514198
-717.933	0.102862
-718.971	0
-720.007	0.0285714
-721.046	-0.0142857
-722.085	-0.142857
-723.121	0.0285714
-724.16	-0.0857143
-725.2	-0.0428571
-726.239	0.0571429
-727.276	0.0285714
-728.315	0.0714286
-729.355	0.0857143
-730.395	0.0142857
-731.432	0.0285714
-732.472	-5.96046e-008
-733.512	-0.0428572
-734.552	0.0285715
-735.59	0.0285714
-736.63	0.114286
-737.671	0
-738.711	-0.0280004
-739.75	0.0725694
-740.79	0.0302833
-741.831	0.0451402
-742.871	0.0742822
-743.912	0.0891392
-744.953	0.0754248
-745.994	0.0474241
-747.035	-0.0377187
-748.075	0.0914237
-749.117	0.0348523
-750.158	0.0354233
-751.2	0.0217094
-752.24	0.00799477
-753.283	0.108567
-754.324	0.051995
-755.366	-0.0760045
-756.408	0.053139
-757.45	0.0394247
-758.492	-0.0742889
-759.534	0.0548541
-760.577	0.155426
-761.62	0.0845701
-762.662	-0.0148582
-763.705	0
-764.747	0.0741448
-765.791	0.0625788
-766.834	0.0795845
-767.877	0.0537301
-768.921	0.0564507
-769.963	0.130597
-771.007	0.0190324
-772.051	0.221754
-773.094	0.110187
-774.139	-0.0156627
-775.183	0.0584881
-776.227	0.161208
-777.271	0.0496446
-778.316	0.138082
-779.36	-0.00205469
-780.405	0.143526
-781.449	0.0462472
-782.494	0.106114
-783.539	0.13741
-784.584	0.0687035
-785.629	0
-786.675	0.182709
-787.719	0.0511348
-788.765	0.148129
-789.811	0.102265
-790.857	0.0849726
-791.903	0.0105401
-792.949	0.107533
-793.995	-0.0383322
-795.041	0.0872345
-796.087	0.0985118
-797.134	0.0955032
-798.18	0.0924974
-799.227	0.0609167
-800.274	0.0293356
-801.321	0.0263256
-802.368	0.00903285
-803.415	0.0203079
-804.463	0.0315827
-805.51	0
-806.557	0.0294628
-807.605	0.144641
-808.653	-0.0401807
-809.701	-0.0107166
-810.748	0.104461
-811.796	-0.0946462
-812.845	0.0491039
-813.893	-0.00714594
-814.941	0.0366034
-815.99	-0.0767891
-817.039	0.03839
-818.088	0.0535691
-819.136	0.183033
-820.185	-0.0446447
-821.234	0.0705348
-822.284	0
-823.333	0.0985726
-824.382	0.0542895
-825.432	-0.061424
-826.482	0.0228623
-827.532	0.0642914
-828.582	0.10572
-829.631	-0.0242779
-830.681	0.0457223
-831.732	0.0157222
-832.783	0.0857219
-833.833	0.0557215
-834.884	0.0685781
-835.934	0.0957219
-836.985	0.065721
-838.036	-0.0357085
-839.087	-0.0085668
-840.139	0.0328603
-841.19	0.0600017
-842.242	0.0871429
-843.292	0
-844.344	0.0165393
-845.396	-0.00977802
-846.448	0.135333
-847.5	0.151873
-848.553	0.0541282
-849.605	-0.0579026
-850.658	-0.0270759
-851.709	0.0180341
-852.762	0.12029
-853.815	-0.0203115
-854.868	0.0105161
-855.921	0.0413439
-856.974	0.0578861
-858.027	0.0458574
-859.081	0.0909716
-860.134	0.0646576
-861.188	0.0954866
-862.241	0.169171
-863.294	0
-864.348	0.183811
-865.402	0.0247645
-866.457	0.151432
-867.511	-0.236186
-868.565	0.0476241
-869.62	0.0457196
-870.675	-0.0276134
-871.729	0.156196
-872.784	-0.00285172
-873.839	0.0809575
-874.895	0.0219091
-875.95	0.00571787
-877.005	0.0323835
-878.061	0.0447633
-879.116	0
-880.172	0.0324656
-881.228	-0.0350686
-882.284	0.0831119
-883.34	0.115579
-884.396	0.00518858
-885.452	0.0233705
-886.508	0.0129811
-887.565	0.145449
-888.621	0.0493469
-889.678	0.0246733
-890.735	0
-891.792	0.111281
-892.849	0.0797052
-893.906	0.00527149
-894.963	0.102266
-896.021	0.0421176
-897.078	0.0962542
-898.136	0.136105
-899.194	0.175956
-900.251	0.130091
-901.309	0.14137
-902.367	0.0240764
-903.426	0.0639256
-904.484	-0.0105114
-905.542	0.143623
-906.601	0.0120425
-907.659	0.00903326
-908.718	0.163166
-909.777	0.0315852
-910.837	0
-911.896	0.150644
-912.956	0.0727181
-914.015	0.0090785
-915.074	0.0168683
-916.134	0.15323
-917.194	0.0467359
-918.253	0.0545285
-919.313	0.0623214
-920.373	0.0701153
-921.435	0.0779186
-922.495	0
-923.555	0.0516523
-924.616	0.0318753
-925.676	0.0120982
-926.737	0.106606
-927.798	0.201113
-928.859	0.0813338
-929.921	0.0901195
-930.982	0.0989105
-932.043	0.00770086
-933.105	0.102205
-934.166	-0.0461484
-935.228	-0.0802168
-936.289	0
-937.352	0.10119
-938.414	0.13095
-939.476	0.0607108
-940.539	0.0761855
-941.601	0.0630891
-942.663	0.135707
-943.727	0.108326
-944.79	0.0666589
-945.852	-0.00357991
-946.915	-0.0595329
-947.978	0.0988
-949.042	-0.0142943
-950.106	0.0440389
-951.169	0.0738006
-952.232	0.0464197
-953.296	0.119039
-954.361	0.0630882
-955.425	0.0499935
-956.489	0.00832725
-957.553	0.0380899
-958.618	0.110711
-959.682	0.111903
-960.746	-0.0154774
-961.811	0
-962.875	0.112033
-963.941	0.124063
-965.006	0.0789527
-966.071	-0.0375865
-967.136	0.188731
-968.203	0.000760317
-969.268	0.055649
-970.333	0.0819659
-971.4	0.0511373
-972.465	0.0203109
-973.531	-0.0105158
-974.597	0.072943
-975.664	-0.000743806
-976.73	0.0827146
-977.796	0.0947441
-978.864	0.00677085
-979.93	0.0759426
-980.997	0.1594
-982.064	0
-983.132	0.0862634
-984.198	0.0296691
-985.265	0.115932
-986.334	-0.069233
-987.401	0.0884586
-988.468	0.0890074
-989.537	0.00384253
-990.604	0.0472486
-991.672	-0.0807739
-992.741	0.0197758
-993.809	0.0346106
-994.877	0.163731
-995.947	0.0785667
-997.015	-0.106598
-998.083	0.0653796
-999.153	0.0516439
-1000.22	0.137908
-1001.29	-0.0758286
-1002.36	0.0247216
-1003.43	0.139557
-1004.5	0.111536
-1005.57	0.0406569
-1006.64	0.0269211
-1007.71	0.0417572
-1008.78	-0.0576928
-1009.85	0
-1010.92	0.00519526
-1011.99	-0.00390053
-1013.06	0.0584385
-1014.13	0.00648671
-1015.2	0.0402499
-1016.27	0.0454478
-1017.34	0.0792119
-1018.41	0.0558395
-1019.48	0.10389
-1020.56	0.166228
-1021.63	0
-1022.7	0.0676239
-1023.77	0.135243
-1024.84	0.0314377
-1025.91	0.0276273
-1026.99	0.0952495
-1028.06	0.191439
-1029.13	0.0304886
-1030.2	0.140967
-1031.28	-0.00570256
-1032.35	0.133346
-1033.42	0.0295334
-1034.49	-0.0171331
-1035.57	0.0647674
-1036.64	0.146672
-1037.71	0
