932.418	1.21152
931.556	7.45058e-009
930.693	0.863478
929.831	0.576956
928.968	0.390432
928.105	0.378907
927.241	0.342356
926.378	0.380828
925.515	0.4193
924.652	0.33277
923.788	0.37124
922.925	0.434709
922.062	0.173176
921.199	0.236643
920.335	0.200107
919.471	0.388571
918.606	0.377008
917.742	0.39047
916.878	0.45393
916.014	0.31739
915.15	0.255848
914.286	0.219305
913.422	0.232762
912.558	0.296217
911.692	0.209645
910.827	0.173098
909.963	0.111549
909.098	0
908.234	0.128404
907.369	0.231809
906.504	0.210214
905.637	0.188627
904.772	0.167032
903.907	0.0704381
903.042	0.248844
902.177	0.202251
901.311	0.130658
900.444	0.184072
899.578	0.0374799
898.713	0.215888
897.847	0.119296
896.982	0.247705
896.116	0.151113
895.248	0.17953
894.382	0.28294
893.516	0.211349
892.65	0.26476
891.783	0.16817
890.915	0.321589
890.049	0
889.182	0.262512
888.315	0.325021
887.449	0.237531
886.58	0.07501
885.713	0.187517
884.846	0.0500215
883.979	0.0375256
883.112	0.100029
882.243	0.187502
881.376	0.150003
880.509	0.112501
879.641	0
878.772	0.22639
877.904	0.102777
877.036	0.0291642
876.169	-0.0194485
875.299	0.131942
874.431	0.0583296
873.563	0.00971723
872.695	0.236105
871.825	0.162496
870.956	0.0888842
870.088	0.215272
869.22	0.0916609
868.349	0.0680524
867.481	0.0944411
866.612	0.12083
865.743	-0.0277813
864.872	0.0736109
864.003	0
863.134	-0.0267834
862.265	-0.00356707
861.394	-0.0553549
860.525	0.0428612
859.655	0.141077
858.784	0.164289
857.914	0.112504
857.045	0.26072
856.175	0.183935
855.303	-0.0428543
854.434	0.205361
853.564	0.128575
852.692	0.126786
851.821	0
850.951	0.075
850.081	0.05
849.209	0.075
848.338	0.05
847.468	0.2
846.595	0.075
845.724	0.075
844.854	-2.98023e-008
843.981	0.025
843.11	0.025
842.239	0.1
841.366	0.175
840.494	0.225
839.623	0.1
838.75	0
837.878	-0.025
837.007	0.175
836.133	0
835.261	0.0506739
834.39	0.0513479
833.516	-0.0229765
832.644	0.177698
831.772	0.153372
830.898	0.129048
830.025	0.104722
829.151	0.0803977
828.279	0.106072
827.406	0.0817467
826.532	0.132423
825.659	0.0580974
824.786	0.0837722
823.911	0.134448
823.038	0.110123
822.163	0.1858
821.29	0.211475
820.417	0.0871497
819.542	0.0878263
818.669	0.113501
817.793	0.189178
816.92	0.189854
816.046	0.0405289
815.17	-0.0337941
814.297	0.191881
813.421	0.142558
812.547	0.168234
811.673	0.0189098
810.797	0.219587
809.923	0.170263
809.046	0.14594
808.172	0.146616
807.298	0.0472922
806.421	0.12297
805.547	0.148646
804.67	0.0493237
803.795	0
802.918	0.2
802.043	0.2
801.168	0.125
800.291	0.125
799.416	0.1
798.539	0.05
797.663	0.25
796.786	0.15
795.91	0.15
795.033	2.98023e-008
794.157	0.075
793.279	0.1
792.403	0.15
791.527	0.1
790.649	0.125
789.773	0.2
788.895	0.15
788.018	0.1
787.14	0.15
786.264	0
785.385	0.125
784.508	0.15
783.63	0.05
782.753	0.2
781.874	0.1
780.997	0.175
780.118	0.15
779.241	0.025
778.362	0.05
777.484	0
776.605	0.125
775.727	0.075
774.848	0.15
773.97	-0.05
773.09	0.1
772.212	0.1
771.332	0
770.454	0.15
769.574	0.2
768.696	0.25
767.816	0.15
766.937	0.075
766.057	0.175
765.176	0
764.298	0.125
763.417	0.075
762.538	0.2
761.657	0.1
760.778	0.2
759.897	0.225
759.018	0.1
758.137	0.125
757.258	0.2
756.376	0.1
755.495	0.05
754.615	0.225
753.734	0.15
752.854	0.25
751.972	0.2
751.092	0.075
750.21	0.175
749.328	0
748.448	0.075639
747.566	0.126279
746.685	0.0519185
745.803	0.177559
744.92	0.0531997
744.04	0.053839
743.157	0.17948
742.276	0.0551191
741.393	0.28076
740.511	0.081401
739.63	0.107041
738.746	0.207682
737.865	0.208321
736.982	0.0339625
736.099	0.184604
735.217	0.135244
734.333	0.0608851
733.452	0.0615251
732.568	0.162167
731.684	0.162808
730.802	0.138448
729.918	-0.0359099
729.034	0.214732
728.152	0.215372
727.268	0.166014
726.386	0.0666546
725.501	-0.0327034
724.617	0.0929388
723.734	0.0685794
722.85	0.0692216
721.965	0.0698639
721.082	0.0455048
720.197	0.171147
719.312	0.17179
718.429	0.172431
717.544	0.148073
716.658	0.0987159
715.775	0.124357
714.89	0
714.004	0.025
713.12	0.325
712.235	-0.075
711.349	0.1
710.465	0
709.579	0
708.693	-0.0265137
707.809	0.0969759
706.923	0.0704618
706.036	0.193948
705.15	0.192433
704.265	0.215922
703.379	0.164408
702.492	0.237893
701.607	0.0863815
700.721	0.0598664
699.834	0.108351
698.949	0.181839
698.062	0.205324
697.174	0.0788082
696.287	0.252292
695.402	0.0257799
694.514	0.249264
693.627	0.0477476
692.739	0.196231
691.853	0.219718
690.966	0.168201
690.078	0.0416846
689.192	0.115171
688.304	0.013654
687.416	0.237137
686.527	0.135619
685.641	0.109105
684.753	0.107587
683.864	0.0560696
682.976	0.0795515
682.089	0.0780368
681.2	0.0765185
680.311	0
679.422	0.0255425
678.535	0.126084
677.646	0.276626
676.757	0.0771692
675.868	0.0777119
674.979	0.128255
674.091	0.0787963
673.202	0.129339
672.312	0.179882
671.422	0.00542513
670.534	0.130967
669.644	0.18151
668.755	0.0820532
667.864	0.257596
666.974	0.18314
666.086	0.133682
665.196	0.0342252
664.305	0.209769
663.415	0.0103121
662.524	0.135856
661.636	0.0613979
660.745	0.111942
659.854	0.0374853
658.963	0.188029
658.072	0.0635728
657.181	0.164117
656.292	0.0396593
655.4	0.140203
654.509	0.140747
653.618	0.166291
652.726	0.0668355
651.836	0.0923784
650.945	0.117923
650.053	0.143467
649.161	0.319011
648.269	0.0445556
647.377	0.1451
646.485	-0.0043554
645.595	0.0461879
644.702	0.0717325
643.81	0.222277
642.917	0.147822
642.025	0.148367
641.132	0.173911
640.239	0.0494563
639.348	0
638.455	0.207495
637.562	-0.0100102
636.669	0.097486
635.776	0.129983
634.883	0.0874808
633.989	0.219979
633.096	0.227478
632.204	0.109961
631.311	0.0424618
630.417	0.274963
629.523	0.132465
628.629	0.289968
627.735	0.247472
626.841	0.204975
625.947	0.0874808
625.053	0.194986
624.16	0.202476
623.266	0.259983
622.371	0.217491
621.477	0
620.582	0.0833398
619.687	0.341678
618.792	0.175015
617.897	-0.04165
617.002	0.0916829
616.107	0.0250148
615.212	0.183344
614.316	0.141673
613.421	0
612.528	0.075
611.632	0.15
610.736	0.05
609.841	0
608.945	0.1
608.049	0.05
607.153	0.2
606.257	0.025
605.36	0.15
604.464	0.175
603.568	0.2
602.671	0.05
601.775	0.05
600.878	0
599.981	0.2
599.084	0.2
598.188	0.05
597.291	0.15
596.393	0.075
595.496	0.1
594.599	0.075
593.702	0.2
592.804	0.125
591.907	0.1
591.009	0
590.111	0.1
589.213	0.05
588.316	0.2
587.418	0
586.52	0.125
585.621	0.15
584.723	0.075
583.825	0.15
582.926	0.25
582.028	0.2
581.129	0.025
580.231	0.075
579.332	0.075
578.433	0.175
577.534	0.125
576.635	0.05
575.736	0.075
574.837	0.225
573.937	0.125
573.038	-0.1
572.138	0.15
571.239	0.175
570.339	0.125
569.439	0.15
568.54	0.15
567.64	0.1
566.74	0.2
565.839	0.15
564.939	0.175
564.039	0
563.139	0.225
562.238	0.175
561.338	0.05
560.435	0.025
559.534	0.125
558.633	0.075
557.732	0.1
556.831	0.2
555.93	0.05
555.029	-0.1
554.128	0.125
553.227	0.15
552.325	0.2
551.424	0
550.522	0.075
549.618	0.3
548.716	0
547.815	0.15
546.913	-0.025
546.01	-0.025
545.108	-0.025
544.206	0.225
543.304	0.15
542.401	0.15
541.499	0.225
540.594	0.15
539.691	0
538.789	0.174001
537.886	-0.0019972
536.983	0.0470041
536.08	0.0710052
535.177	0.170006
534.273	0.119007
533.368	0.193006
532.465	0.0670066
531.561	0.241007
530.658	0.0150078
529.754	0.189008
528.85	0.138009
527.946	0.137009
527.04	0.0860069
526.136	0.035007
525.232	-0.115993
524.328	0.133007
523.424	0.207007
522.519	0.0810063
521.613	0.305004
520.708	0.229003
519.803	0.128002
518.899	0.00200173
517.994	0.151001
517.089	0
516.182	-0.198528
515.277	0.0279408
514.372	0.00440976
513.466	0.0308788
512.561	0.132348
511.653	0.0338207
510.748	0.28529
509.842	0.11176
508.936	0.0882297
508.031	0.0896997
507.125	0.0411697
506.217	0.0176433
505.311	0.0441137
504.404	0.145584
503.498	0.0720549
502.59	0.148529
501.683	0
500.777	0
499.87	0.2
498.963	0.1
498.054	0.025
497.148	0.125
496.241	0.175
495.333	0.1
494.424	0.05
493.517	0.25
492.61	2.98023e-008
491.702	0.075
490.795	0.1
489.885	0.075
488.977	0.075
488.069	0.075
487.161	0.125
486.251	0.2
485.343	0.075
484.435	0.1
483.527	0.1
482.617	0
481.708	0.15
480.8	0
479.891	0.225
478.98	0.025
478.071	-0.025
477.163	0.2
476.251	0.1
475.342	0.1
474.433	0.15
473.524	0.2
472.613	0.05
471.703	0.15
470.794	0.1
469.882	0.1
468.972	0.225
468.063	0.075
467.153	0.15
466.241	0.15
465.331	0.05
464.42	0.125
463.508	0.125
462.598	0.15
461.687	0.1
460.775	0.15
459.864	0.1
458.953	0.15
458.041	0
457.13	0.276467
456.219	0.152934
455.306	0.0794047
454.395	0.105872
453.483	0.15734
452.57	0.233811
451.658	0.160279
450.747	-0.138253
449.833	0.113218
448.922	0.114687
448.01	0.166155
447.096	0.117627
446.184	0.119096
445.272	0.170565
444.358	0.072037
443.445	0.0735062
442.533	0.149976
441.619	0.151448
440.706	0.052918
439.793	0.204388
438.879	0.205861
437.966	0.182331
437.051	0.133805
436.138	0.260275
435.225	0.0617455
434.31	0.0882195
433.397	0.0646903
432.483	0.116161
431.568	0.192636
430.654	0.194107
429.739	0.270582
428.825	0.247053
427.911	0.298525
426.995	0
426.081	0.0980042
425.165	0.0710037
424.251	0.219007
423.337	0.192011
422.42	0.14001
421.506	0.238013
420.589	0.186012
419.675	0.159014
418.76	0.132017
417.843	0.180015
416.928	0.228017
416.011	0.126015
415.096	0.224017
414.181	0.147018
413.264	0.170015
412.348	0.168016
411.431	0.166013
410.515	0.0390135
409.598	0.16201
408.682	0.36001
407.764	0.00800568
406.848	0.206006
405.932	0.154006
405.014	0.102001
404.098	0
403.18	0.0746438
402.263	0.149288
401.345	0.148932
400.428	0.148576
399.51	0.24822
398.593	0.0978642
397.674	0.172508
396.757	0.122152
395.84	0.0467961
394.921	0.19644
394.004	-0.00391632
393.085	0.145727
392.167	0.0453711
391.248	0.195014
390.33	0.144658
389.411	0.269302
388.493	0.143945
387.573	0.118589
386.655	-0.0067676
385.735	0.217875
384.817	0.117519
383.897	0.342162
382.978	0.266806
382.058	0.216449
381.14	0.0410925
380.219	0.340735
379.3	0.0403789
378.38	0.265022
377.461	0.0896652
376.54	-0.0356922
375.621	0.0889513
374.7	0.163594
373.78	0.388237
372.859	0.26288
371.94	0.112523
371.018	0.212165
370.099	0.0868088
369.177	0.186451
368.255	0.211094
367.335	0.0857367
366.413	0.0353789
365.493	0.285022
364.571	0.209664
363.651	0.0843072
362.729	0.158949
361.808	0.133592
360.886	0.0832343
359.965	0.157877
359.042	0.132519
358.12	0.132161
357.199	0.206804
356.276	0.331446
355.355	0.356088
354.432	0.18073
353.51	0.180373
352.587	0.255015
351.663	0.129656
350.742	0.129299
349.818	0.20394
348.897	0.228583
347.973	0.153224
347.051	0.252867
346.127	0.202508
345.203	0.0271496
344.281	0.0767918
343.356	0.0264332
342.434	0.301075
341.51	0.250717
340.585	0.150358
339.663	0
338.738	0.225149
337.815	0.125298
336.89	0.275447
335.965	0.175596
335.042	0.0757444
334.117	0.100893
333.191	0.0260425
332.268	-0.0488087
331.343	0.0263404
330.419	0.176489
329.493	0.201638
328.568	0.0267874
327.644	0.326936
326.718	-0.0979145
325.792	0.0772347
324.868	0.102383
323.941	0.127533
323.017	0.102682
322.091	0.0778309
321.164	0.22798
320.24	0.228129
319.313	0.203278
318.386	0.203428
317.461	0.228577
316.534	0.353726
315.607	0.203875
314.682	0.154024
313.755	0.154174
312.828	0.179323
311.902	-0.0705277
310.975	0.229622
310.047	0.279771
309.121	0.0549203
308.194	0.25507
307.266	0.180219
306.34	0.230368
305.412	0.155518
304.483	0.155667
303.557	0.155817
302.629	0.205966
301.7	0.0811158
300.774	0.181265
299.845	0.181415
298.917	0.0565643
297.988	0.081714
297.061	0.231863
296.132	0.257013
295.203	0.307163
294.276	0.182312
293.346	0.0574617
292.417	0.332611
291.487	0.157761
290.56	0.407911
289.63	0.28306
288.7	0.18321
287.773	0.35836
286.843	0.25851
285.913	0.233659
284.982	0.383809
284.054	0.108959
283.124	0.259109
282.193	0.134259
281.263	0.184408
280.334	0.384558
279.404	0.334708
278.473	0.234858
277.542	0.360008
276.613	0.285158
275.682	0.385308
274.751	0.335457
273.819	0.0856076
272.89	0.235757
271.959	0.385907
271.027	0.261057
270.096	0.286207
269.166	0.211357
268.234	0.236507
267.302	0.286658
266.37	0.161808
265.44	0.411958
264.508	0.287108
263.576	0.387258
262.643	0.412408
261.711	0.187558
260.78	0.262708
259.847	0.312858
258.915	0.263009
257.982	0.313159
257.051	0.288309
256.118	0.338459
255.185	0.43861
254.252	0.41376
253.318	0.46391
252.387	0.38906
251.453	0.464211
250.52	0.614361
249.586	0.414512
248.652	0.139662
247.718	0.414813
246.786	0.289963
245.852	0.640113
244.918	0.315264
243.984	0.340414
243.049	0.540565
242.117	0.515715
241.182	0.365865
240.248	0.616016
239.313	0.391167
238.378	0.391317
237.443	0.441468
236.51	0.491618
235.575	0.516769
234.64	0.56692
233.705	0.59207
232.769	0.542221
231.834	0.642372
230.898	0.492522
229.965	0.517673
229.029	0.642824
228.093	0.792974
227.157	0.568125
226.221	0.768276
225.285	0.918427
224.348	0.568578
223.414	0.768728
222.478	0.818879
221.541	0.69403
220.605	0.719181
219.668	0.494332
218.731	0.844482
217.794	0.644633
216.857	0.444784
215.92	0.644935
214.985	0.595086
214.048	0.720237
213.11	0.720388
212.173	0.670539
211.235	0.77069
210.297	0.895841
209.36	0.520992
208.422	0.446143
207.484	0.546294
206.546	0.621446
205.61	0.471596
204.671	0.596748
203.733	0.621899
202.795	0.52205
201.856	0.547201
200.918	0.572352
199.979	0.497504
199.04	0.672655
198.101	0.572806
197.162	0.547957
196.223	0.298109
195.284	0.59826
194.345	0.523411
193.407	0.498562
192.468	0.548714
191.528	0.423865
190.589	0.549016
189.649	0.624168
188.709	0.574319
187.769	0.224471
186.829	0.699622
185.889	0.599773
184.949	0.624925
184.008	0.500076
183.068	0.600228
182.127	0.650379
181.187	0.450531
180.246	0.575683
179.305	0.425834
178.364	0.650986
177.423	0.376137
176.482	0.851289
175.541	0.826441
174.6	0.926592
173.658	0.701744
172.717	0.801896
171.775	0.777047
170.834	0.602199
169.892	0.802351
168.95	0.777502
168.008	0.627654
167.066	0.877806
166.124	0.777958
165.182	0.603109
164.239	0.903261
163.297	1.00341
162.354	0.853565
161.412	0.978717
160.469	0.903869
159.526	1.15402
158.583	0.704172
157.64	0.804324
156.697	0.979476
155.754	0.904628
154.811	0.70478
153.867	0.779932
152.924	0.930084
151.98	0.930236
151.037	1.10539
150.093	1.23054
149.149	1.23069
148.205	0.855844
147.261	0.855997
146.317	1.03115
145.373	1.1063
144.428	1.05645
143.484	1.30661
142.539	1.00676
141.595	1.55691
140.65	1.15706
139.705	1.25721
138.76	1.68237
137.813	1.50752
136.868	1.60767
135.923	1.28282
134.977	1.35798
134.032	1.38313
133.087	1.90828
132.141	1.65843
131.195	1.60858
130.25	1.85874
129.304	2.23389
128.358	2.48404
127.412	2.25919
126.466	2.20935
125.517	2.4095
124.571	2.93465
123.624	2.9598
122.678	2.88496
121.731	3.01011
120.784	3.53526
119.838	3.28541
118.891	3.31057
117.944	2.96072
116.997	3.46087
116.047	3.28603
115.1	3.06118
114.152	2.91133
113.205	3.01148
112.257	3.41164
111.31	3.18679
110.362	3.46194
109.414	3.43709
108.464	3.26225
107.516	3.4374
106.568	3.61255
105.619	3.83771
104.671	3.63786
103.723	4.43801
102.774	4.28816
101.825	4.16332
100.874	4.26347
99.9256	5.21362
98.9766	6.51378
98.0276	7.01393
97.0784	8.01408
96.1292	9.11423
95.1799	9.66439
94.2283	11.0645
93.2788	11.9147
92.3292	13.5148
91.3795	14.865
90.4296	16.5152
89.4797	18.4653
88.5276	19.1405
87.5775	19.1656
86.6273	21.6908
85.677	20.6159
84.7266	19.0411
83.774	19.1162
82.8234	17.8914
81.8727	14.9665
80.9219	14.4417
79.971	11.9918
79.0201	10.742
78.0669	9.76714
77.1157	9.2673
76.1644	8.01745
75.2131	7.1426
74.2616	6.51776
73.3079	6.14291
72.3563	6.09306
71.4045	5.24322
70.4527	4.41837
69.5007	4.24352
68.5466	4.49368
67.5944	3.69383
66.6422	3.46898
65.6899	3.79414
64.7353	4.29429
63.7828	3.16945
62.8302	3.1946
61.8774	3.44475
60.9246	3.26991
59.9696	3.42006
59.0166	3.19521
58.0635	2.64537
57.1103	2.74552
56.1548	2.57067
55.2014	2.82083
54.2479	2.34598
53.2943	2.47113
52.3385	2.39629
51.3847	2.27144
50.4308	2.6216
49.4769	2.17175
48.5206	1.8719
47.5665	2.52206
46.6122	2.52221
45.6578	1.94737
44.7012	2.14752
43.7467	2.12267
42.792	2.22283
41.8351	1.84798
40.8802	2.04813
39.9253	2.14829
38.9702	1.97344
38.013	2.2486
37.0577	2.14875
36.1024	2.4239
35.1469	2.12406
34.1892	2.34921
33.2336	2.22437
32.2779	1.94952
31.3199	2.14968
30.364	2.17483
29.408	2.29998
28.4497	2.55014
27.4935	2.42529
26.5372	2.27545
25.5807	2.5256
24.6221	2.50075
23.6655	2.35091
22.7088	2.52606
21.7498	2.40122
20.7929	2.35137
19.8359	2.15153
18.8767	2.52668
17.9195	2.22683
16.9622	2.60199
16.0026	2.32714
15.0452	2.4773
14.0876	3.00245
13.1277	3.10261
12.17	3.37776
11.2121	2.95291
10.252	3.07807
9.29388	3.57822
8.33571	3.77838
7.37529	4.17853
6.41692	4.27869
5.45845	4.85384
4.49774	6.629
3.53908	12.8792
2.58032	26.7793
1.61931	65.8295
0.660352	160.03
-0.2987	136.105
-1.26001	56.1299
-2.21925	41.4551
-3.18076	30.7052
-4.1402	11.7554
-5.09974	5.83054
-6.06154	3.9307
-7.02128	3.93085
-7.98112	3.93101
-8.94321	3.55616
-9.90324	3.15632
-10.8655	3.00647
-11.8258	3.03163
-12.7861	2.48178
-13.7487	2.58194
-14.7092	2.68209
-15.6698	2.78225
-16.6327	2.3074
-17.5935	1.93256
-18.5566	2.38271
-19.5176	2.10787
-20.4787	2.10802
-21.4421	2.33318
-22.4034	2.08333
-23.367	1.88349
-24.3285	2.13364
-25.2922	2.0838
-26.2539	2.03395
-27.2157	2.13411
-28.1798	2.23426
-29.1418	2.20942
-30.1061	1.83457
-31.0683	2.03473
-32.0306	1.88488
-32.9951	1.91004
-33.9576	1.98519
-34.9224	2.01035
-35.885	1.8855
-36.85	2.16066
-37.8129	1.71081
-38.778	1.73597
-39.7411	1.86112
-40.7043	1.46128
-41.6697	1.43643
-42.6331	1.81159
-43.5988	1.76174
-44.5623	1.6619
-45.5282	1.86206
-46.4919	1.98721
-47.458	2.01237
-48.422	1.73752
-49.3882	2.01268
-50.3524	1.78783
-51.3166	1.96299
-52.2832	2.01314
-53.2476	1.6383
-54.2144	2.21345
-55.179	2.23861
-56.1459	2.21377
-57.1108	2.13892
-58.0779	2.16408
-59.043	2.38923
-60.0103	2.58939
-60.9756	2.38954
-61.9431	2.5147
-62.9086	2.18986
-63.8763	2.34001
-64.8419	2.54017
-65.8098	2.61532
-66.7757	3.01548
-67.7438	2.74063
-68.7099	2.79079
-69.6782	3.09095
-70.6444	3.0911
-71.6129	3.84126
-72.5794	3.74141
-73.5481	4.31657
-74.5147	5.01673
-75.4837	5.39188
-76.4505	5.66704
-77.4196	6.21719
-78.3867	6.96735
-79.356	7.91751
-80.3232	9.39266
-81.2927	9.41782
-82.2602	10.593
-83.2299	11.5931
-84.1997	12.5183
-85.1674	12.7434
-86.1374	13.3936
-87.1053	13.6438
-88.0756	12.7189
-89.0437	11.5691
-90.0141	11.0692
-90.9824	10.7194
-91.953	8.99453
-92.9216	8.14469
-93.8924	7.21985
-94.8633	6.345
-95.8321	5.49516
-96.8032	5.57032
-97.7722	4.47047
-98.7435	4.37063
-99.7128	3.59578
-100.684	3.22094
-101.656	3.1211
-102.625	2.37125
-103.597	2.47141
-104.567	2.22157
-105.539	2.49672
-106.509	2.09688
-107.481	2.14704
-108.453	2.02219
-109.424	1.89735
-110.396	2.02251
-111.367	2.09766
-112.339	1.77282
-113.312	1.84798
-114.283	1.77313
-115.256	1.92329
-116.227	1.64845
-117.2	1.7236
-118.173	1.74876
-119.144	1.89892
-120.118	1.64907
-121.089	1.64923
-122.063	1.87439
-123.037	1.69954
-124.009	1.5247
-124.983	1.57486
-125.954	1.40001
-126.929	1.35017
-127.903	1.65033
-128.875	1.20048
-129.85	1.32564
-130.824	0.975797
-131.797	1.27595
-132.772	0.951111
-133.747	1.05127
-134.719	1.00142
-135.694	0.926582
-136.668	0.801739
-137.643	0.826896
-138.618	0.752053
-139.592	0.952209
-140.567	0.752367
-141.543	0.877524
-142.516	0.802681
-143.492	0.977838
-144.468	0.627995
-145.442	0.778152
-146.419	0.578309
-147.395	0.653467
-148.369	0.628624
-149.346	0.503781
-150.322	0.728938
-151.297	0.604095
-152.274	0.754253
-153.25	0.77941
-154.225	0.654567
-155.202	0.854725
-156.18	0.679882
-157.155	0.555039
-158.132	0.630197
-159.11	0.580354
-160.085	0.705511
-161.063	0.655669
-162.041	0.505826
-163.019	0.480984
-163.994	0.606141
-164.973	0.431299
-165.951	0.631456
-166.927	0.556613
-167.905	0.356771
-168.884	0.531929
-169.863	0.457086
-170.839	0.357244
-171.818	0.307401
-172.797	0.557559
-173.774	0.457716
-174.753	0.332874
-175.732	0.308032
-176.711	0.38319
-177.689	0.408347
-178.668	0.383505
-179.648	0.508663
-180.625	0.35882
-181.605	0.558978
-182.585	0.359136
-183.565	0.0842939
-184.543	0.284451
-185.523	0.209609
-186.504	0.384767
-187.484	0.409925
-188.463	0.310083
-189.443	0.285241
-190.424	0.260399
-191.405	0.260557
-192.384	0.285715
-193.365	0.110873
-194.346	0.0860307
-195.327	0.386189
-196.306	0.436347
-197.288	0.311505
-198.269	0.461663
-199.251	0.461821
-200.231	0.336979
-201.212	0.312137
-202.194	0.237295
-203.176	0.212453
-204.159	0.312612
-205.139	0.312769
-206.121	0.362928
-207.104	0.288086
-208.086	0.213244
-209.069	0.338403
-210.049	0.363561
-211.032	0.438719
-212.015	0.263877
-212.998	0.339036
-213.979	0.414194
-214.963	0.439352
-215.946	0.239511
-216.93	0.364669
-217.913	0.414827
-218.897	0.364986
-219.878	0.415144
-220.862	0.315303
-221.846	0.415461
-222.83	0.29062
-223.815	0.215778
-224.797	0.365936
-225.781	0.266095
-226.766	0.216254
-227.75	0.366412
-228.735	0.341571
-229.72	0.29173
-230.703	0.591888
-231.688	0.242047
-232.673	0.617205
-233.658	0.467364
-234.643	0.367523
-235.629	0.417682
-236.612	0.44284
-237.598	0.317999
-238.583	0.393158
-239.569	0.368316
-240.555	0.518475
-241.541	0.168634
-242.525	0.293793
-243.511	0.243951
-244.498	0.21911
-245.484	0.294269
-246.471	0.319428
-247.457	0.344587
-248.444	0.369746
-249.431	0.369905
-250.416	0.195064
-251.403	0.220223
-252.39	0.170382
-253.377	0.220541
-254.365	0.1207
-255.352	0.195859
-256.34	0.271018
-257.327	0.121177
-258.313	0.096336
-259.301	0.196495
-260.289	0.171654
-261.277	0.196814
-262.265	0.271973
-263.253	0.197132
-264.242	0.172291
-265.23	0.19745
-266.219	0.24761
-267.205	0.272769
-268.194	0.147928
-269.183	0.248087
-270.172	0.323247
-271.161	0.223406
-272.151	0.323565
-273.14	0.248725
-274.129	0.273884
-275.119	0.249044
-276.108	0.224203
-277.098	0.149362
-278.088	0.274522
-279.076	0.249681
-280.066	0.12484
-281.056	0
-282.046	0.0708365
-283.036	0.116673
-284.027	0.262508
-285.017	0.0583433
-286.008	0.179178
-286.999	0.150012
-287.99	0.195846
-288.981	0.0666797
-289.972	0.287513
-290.963	0.133345
-291.954	0.179178
-292.946	0.325009
-293.937	0.270841
-294.929	0.316672
-295.92	-0.0124981
-296.91	0.0833413
-297.902	0.129171
-298.894	0
-299.886	0.350567
-300.878	0.101134
-301.87	0.201701
-302.863	0.177268
-303.855	0.252835
-304.848	0.203402
-305.841	0.153969
-306.834	0.129537
-307.826	0.0551041
-308.819	0.230672
-309.813	0.0812389
-310.806	0.256806
-311.799	0.157374
-312.793	0.132942
-313.786	0.158509
-314.78	0.0340772
-315.774	0.109645
-316.767	0.0602129
-317.761	0.0857809
-318.755	0.161349
-319.75	0.261917
-320.744	0.212485
-321.738	0.0130533
-322.733	0.113622
-323.727	0.0391898
-324.722	0.189758
-325.717	0.290327
-326.712	0.140895
-327.707	0.291464
-328.702	0.0170321
-329.697	0.167601
-330.692	0.16817
-331.688	0.218738
-332.683	0.119307
-333.679	0.144876
-334.674	0.145445
-335.67	0.096014
-336.666	0.246583
-337.662	0.0221522
-338.661	0.347723
-339.657	0.0982919
-340.653	0.173861
-341.65	-0.100569
-342.646	0
-343.643	0.0267842
-344.64	0.128569
-345.636	0.280353
-346.633	0.132138
-347.631	0.158923
-348.628	0.135708
-349.625	0.212493
-350.622	-0.010721
-351.62	0.0910647
-352.617	0.192851
-353.615	-0.00536332
-354.613	0.346423
-355.613	0.223213
-356.611	0
-357.609	0.102378
-358.607	0.0547562
-359.606	0.332135
-360.604	0.0845134
-361.603	0.111892
-362.601	0.114272
-363.6	0.091651
-364.599	0.269031
-365.598	0.321411
-366.597	0.0487908
-367.598	0.201177
-368.597	0.278557
-369.597	0.130938
-370.596	0.133319
-371.596	0.235701
-372.595	0.113082
-373.595	0.215465
-374.595	0.192847
-375.595	0.020229
-376.595	0.247612
-377.598	0
-378.598	0.119451
-379.598	0.238901
-380.599	0.13335
-381.599	0.202799
-382.6	0.072248
-383.601	0.116696
-384.602	0.186143
-385.605	0.105577
-386.606	0.275024
-387.608	0.044469
-388.609	0.213914
-389.61	0.0583584
-390.612	0.202802
-391.614	0.222245
-392.618	0.166676
-393.619	0.0861175
-394.621	0.00555912
-395.623	0
-396.626	0.253121
-397.628	0.131243
-398.63	0.159365
-399.635	0.0124939
-400.638	0.140617
-401.64	-0.00626063
-402.643	0.121863
-403.646	-1.39475e-005
-404.649	0.15311
-405.654	0.131241
-406.658	0.209366
-407.661	0.28749
-408.664	0.0906156
-409.668	0.143741
-410.672	0.196867
-411.678	0
-412.682	0.273335
-413.685	0.0466704
-414.69	0.195005
-415.694	0.14334
-416.7	0.066671
-417.705	0.0900054
-418.709	0.0883397
-419.714	-0.0133262
-420.718	0.185008
-421.723	0.158341
-422.73	0.00667128
-423.735	0.0300047
-424.741	0.103338
-425.746	0.126671
-426.753	0
-427.759	0.0508604
-428.764	0.151721
-429.77	0.202581
-430.776	0.178442
-431.784	0.0793048
-432.79	0.0301657
-433.796	0.231027
-434.802	0.181888
-435.808	0.107749
-436.817	0.158612
-437.823	0.209473
-438.83	0.185335
-439.837	0.0861962
-440.846	0.11206
-441.853	-0.0120786
-442.86	0.0637831
-443.867	0.139645
-444.876	0.140509
-445.884	-0.0336291
-446.891	0.142233
-447.899	0.168095
-448.908	0.118959
-449.916	0.219822
-450.924	0.170684
-451.932	0.146547
-452.942	0.122411
-453.951	0.123274
-454.959	0.199137
-455.967	0
-456.978	0.130005
-457.987	0.235
-458.995	0.0899956
-460.004	0.194991
-461.015	0.074999
-462.024	0.054996
-463.033	0.159993
-464.043	0.0899912
-465.054	0.195001
-466.064	0
-467.073	0.0423178
-468.085	0.159618
-469.095	0.126934
-470.105	0.144249
-471.115	0.136564
-472.127	0.0538606
-473.137	0.0711736
-474.148	-0.0365142
-475.16	0.18078
-476.171	0.0480904
-477.181	0.1404
-478.192	0.232709
-479.205	0
-480.216	0.2
-481.227	0.25
-482.241	-0.025
-483.252	0.05
-484.263	0.1
-485.277	0.075
-486.288	0.075
-487.3	-0.025
-488.314	-0.025
-489.326	0.3
-490.338	0.15
-491.352	0.15
-492.365	0.225
-493.377	0.025
-494.392	0.125
-495.404	0.025
-496.417	0
-497.432	0.00147149
-498.445	-0.0470601
-499.458	0.00440833
-500.473	0.0808803
-501.486	0.182349
-502.499	0.133818
-503.515	0.0602905
-504.529	0.28676
-505.542	-0.0367709
-506.558	0.214702
-507.572	0.0911718
-508.586	0.0676416
-509.602	0.119115
-510.616	0.0955852
-511.63	0.222056
-512.647	0.148529
-513.661	0
-514.678	0.05
-515.693	0.075
-516.708	0.15
-517.725	0.15
-518.74	0.05
-519.755	0.125
-520.772	0.075
-521.788	0.125
-522.805	0.25
-523.821	0.225
-524.836	0.075
-525.854	0.175
-526.87	0.125
-527.888	0.05
-528.905	0.025
-529.921	0.125
-530.939	0.175
-531.956	0.175
-532.972	0.175
-533.991	0.15
-535.008	0.125
-536.027	0.175
-537.044	0.2
-538.063	0.2
-539.08	0.25
-540.097	0.225
-541.117	0.175
-542.134	-0.025
-543.154	0.125
-544.172	0.2
-545.19	0.175
-546.21	0.25
-547.228	0.25
-548.248	0.175
-549.266	-0.025
-550.287	0.075
-551.305	0.1
-552.324	0.075
-553.345	0.125
-554.363	0
-555.384	0.177174
-556.403	0.179343
-557.425	0.231518
-558.444	0.133687
-559.465	0.160862
-560.485	0.138032
-561.504	0.265203
-562.526	-0.0576217
-563.546	0.169549
-564.568	0.0217253
-565.588	0.148897
-566.61	0.151073
-567.63	0.103245
-568.653	0.155422
-569.673	0.107594
-570.696	0.209771
-571.716	0.0869442
-572.739	0.214122
-573.76	0.216295
-574.781	0.143469
-575.804	0.0706472
-576.825	0.172821
-577.849	0
-578.87	0.119653
-579.894	0.314292
-580.915	0.033944
-581.939	0.0535827
-582.961	0.198233
-583.985	0.0928706
-585.007	0.38752
-586.031	0.0821566
-587.054	0.101804
-588.078	0.29644
-589.101	0.166087
-590.125	0.0107211
-591.148	0.155367
-592.173	0
-593.196	0.176424
-594.221	0.0528519
-595.244	-0.0207236
-596.269	-0.0192956
-597.293	0.107129
-598.318	0.108557
-599.342	0.0599827
-600.368	0.111411
-601.391	0.0378367
-602.417	0.114265
-603.441	0.0656913
-604.468	0.0921204
-605.494	0.16855
-606.518	0.119976
-607.545	-0.0285946
-608.569	0.172832
-609.596	0.0992619
-610.621	0.225689
-611.648	0.152119
-612.673	0.203546
-613.7	0.179977
-614.725	0.106404
-615.753	0.107835
-616.778	0.109263
-617.806	0.235694
-618.833	0.137125
-619.859	0.138553
-620.887	0.239985
-621.913	0.191413
-622.941	0.0928449
-623.967	0.119274
-624.996	0.195706
-626.022	0.272135
-627.051	0.0485674
-628.08	0
-629.106	0.048338
-630.135	0.046672
-631.162	0.14501
-632.191	0.118344
-633.218	0.116681
-634.248	0.190014
-635.277	0.138347
-636.305	0.286684
-637.335	0.160017
-638.362	0.0833535
-639.392	0.131686
-640.422	0.255018
-641.45	0.128354
-642.48	0.151686
-643.509	0.0750217
-644.539	0.123353
-645.57	0.171685
-646.598	0.0950198
-647.629	0.0683509
-648.658	0.166686
-649.689	0.140016
-650.72	-0.011653
-651.749	0.186681
-652.781	0.0600113
-653.81	0.0583451
-654.841	0.231675
-655.873	0.0550046
-656.903	0.0283378
-657.935	0.0516672
-658.964	0
-659.997	0.0785688
-661.029	0.132138
-662.059	0.0606997
-663.092	0.11427
-664.124	0.16784
-665.155	0.0464029
-666.187	0.124974
-667.22	0.178546
-668.251	0.13211
-669.284	0.210682
-670.315	0.139247
-671.349	0.16782
-672.382	0.121393
-673.414	0.274959
-674.447	0.203533
-675.481	0.107107
-676.513	0.135675
-677.547	0.11425
-678.581	0.267825
-679.613	0.0463936
-680.647	0.02497
-681.682	0.228547
-682.714	0.0321161
-683.749	0.185694
-684.784	0.189272
-685.816	0.117842
-686.851	0.271421
-687.886	0
-688.919	0.225
-689.955	0.225
-690.99	0.2
-692.023	0.3
-693.059	0.1
-694.095	0.225
-695.129	0.225
-696.165	0.125
-697.201	0.225
-698.235	0.15
-699.271	0.2
-700.307	0.2
-701.344	0.2
-702.378	0.1
-703.415	0.175
-704.452	0.1
-705.487	0
-706.524	0.0687503
-707.561	0.0624999
-708.596	0.256263
-709.634	0.225011
-710.671	0.143758
-711.709	0.137505
-712.744	0.0812654
-713.782	0.100011
-714.82	0.0937557
-715.856	0.162514
-716.894	-0.118743
-717.933	0
-718.971	0.15
-720.007	0.175
-721.046	0.2
-722.085	0.025
-723.121	0.025
-724.16	0.275
-725.2	0.225
-726.239	0
-727.276	0.05
-728.315	0.125
-729.355	-0.05
-730.395	0.175
-731.432	0.15
-732.472	0.225
-733.512	0.05
-734.552	0.05
-735.59	0.1
-736.63	0.075
-737.671	0.075
-738.711	0.1
-739.75	0.175
-740.79	0.175
-741.831	0.05
-742.871	0
-743.912	0.0519983
-744.953	0.128997
-745.994	0.130993
-747.035	0.0829924
-748.075	0.159989
-749.117	0.0869887
-750.158	0.0639861
-751.2	0.115986
-752.24	0.117984
-753.283	0.044984
-754.324	0.146982
-755.366	0.0489829
-756.408	0.0259838
-757.45	0.102983
-758.492	0.154984
-759.534	0.206983
-760.577	0.183985
-761.62	0.160987
-762.662	0.0879869
-763.705	0.164989
-764.747	0.21699
-765.791	0.143993
-766.834	0.220996
-767.877	0.322997
-768.921	0
-769.963	0.252497
-771.007	0.129997
-772.051	0.232498
-773.094	0.209996
-774.139	0.0874967
-775.183	0.0649979
-776.227	0.0424967
-777.271	0.144998
-778.316	0.272501
-779.36	0
-780.405	0.249469
-781.449	0.223939
-782.494	0.298408
-783.539	0.147877
-784.584	0.197347
-785.629	0.171816
-786.675	0.121285
-787.719	0.145754
-788.765	0.195223
-789.811	0.219692
-790.857	0.21916
-791.903	0.19363
-792.949	0.118098
-793.995	0.142567
-795.041	0.217036
-796.087	0.316504
-797.134	0.190972
-798.18	0.290441
-799.227	0.114909
-800.274	0.289378
-801.321	0.113846
-802.368	0.0633143
-803.415	0.162782
-804.463	0.16225
-805.51	0.186718
-806.557	0.111187
-807.605	0.135654
-808.653	0.235122
-809.701	0.28459
-810.748	0.259058
-811.796	0.158525
-812.845	0.182993
-813.893	0.18246
-814.941	0.181928
-815.99	0.256396
-817.039	0.0558628
-818.088	0.33033
-819.136	0.129798
-820.185	0.154265
-821.234	0.103732
-822.284	0.228199
-823.333	0.177666
-824.382	0.227133
-825.432	-0.0734001
-826.482	0.226067
-827.532	0.325533
-828.582	0
-829.631	0.225
-830.681	0.2
-831.732	0.225
-832.783	0.1
-833.833	0.4
-834.884	0.1
-835.934	0.225
-836.985	0.075
-838.036	0.1
-839.087	0.075
-840.139	0.075
-841.19	0.1
-842.242	0.225
-843.292	0.15
-844.344	0.175
-845.396	0.175
-846.448	0.175
-847.5	0.15
-848.553	0.175
-849.605	0.175
-850.658	0.175
-851.709	0.125
-852.762	0.225
-853.815	0
-854.868	0.221595
-855.921	0.0431887
-856.974	0.239783
-858.027	0.111376
-859.081	0.107969
-860.134	0.304562
-861.188	0.0511543
-862.241	0.12275
-863.294	0.244342
-864.348	0.0409331
-865.402	0.162524
-866.457	0.209114
-867.511	0.180705
-868.565	0.177295
-869.62	0.148884
-870.675	0.0704732
-871.729	0.142062
-872.784	0.11365
-873.839	0.0852382
-874.895	0.0568257
-875.95	0.00341296
-877.005	0
-878.061	0.00227153
-879.116	0.204543
-880.172	0.231815
-881.228	0.0840875
-882.284	0.18636
-883.34	0.0636327
-884.396	0.0659057
-885.452	0.143179
-886.508	0.0204523
-887.565	-0.052274
-888.621	0
-889.678	0.14643
-890.735	-0.032141
-891.792	0.139288
-892.849	-0.0392834
-893.906	0.00714469
-894.963	0.153573
-896.021	0
-897.078	0.0759987
-898.136	0.126997
-899.194	0.0779962
-900.251	0.203995
-901.309	-0.145006
-902.367	0.105993
-903.426	0.0319926
-904.484	0.0829921
-905.542	0.0839915
-906.601	0.084991
-907.659	0.185991
-908.718	-0.113009
-909.777	0.0879904
-910.837	0.163992
-911.896	0.214992
-912.956	0.215992
-914.015	0.0919923
-915.074	0.167993
-916.134	-0.106007
-917.194	0.169994
-918.253	0.195995
-919.313	0.121996
-920.373	0.122997
-921.435	0.248999
-922.495	0
-923.555	0.149109
-924.616	0.173217
-925.676	0.172325
-926.737	0.0214337
-927.798	0.120542
-928.859	0.01965
-929.921	0.243757
-930.982	0.242865
-932.043	0.141973
-933.105	0.0660805
-934.166	0.115188
-935.228	0.164296
-936.289	0.163403
-937.352	-0.0124906
-938.414	0.211617
-939.476	0.0857238
-940.539	0.209831
-941.601	0.108938
-942.663	0.233045
-943.727	0.15715
-944.79	0.106257
-945.852	0.0803637
-946.915	0.15447
-947.978	0.128576
-949.042	0.177682
-950.106	0.101788
-951.169	0.075894
-952.232	0
-953.296	0.127171
-954.361	0.179344
-955.425	0.0565152
-956.489	0.108687
-957.553	0.0358582
-958.618	0.113033
-959.682	0.165205
-960.746	0.067377
-961.811	0.0695496
-962.875	0.0467224
-963.941	0.198898
-965.006	-0.0489288
-966.071	-0.0967554
-967.136	-0.119582
-968.203	0.0575948
-969.268	0.234769
-970.333	0.0619435
-971.4	0.164121
-972.465	0.0912955
-973.531	0.0434706
-974.597	0.245646
-975.664	0.172824
-976.73	0
-977.796	0.0479187
-978.864	0.120835
-979.93	0.193753
-980.997	-0.008329
-982.064	0.0145888
-983.132	0.087504
-984.198	0.210421
-985.265	0.133338
-986.334	0.281253
-987.401	0.20417
-988.468	0.127086
-989.537	0
-990.604	0.175
-991.672	0.125
-992.741	0.025
-993.809	0.075
-994.877	0.175
-995.947	0.15
-997.015	0.025
-998.083	0.125
-999.153	0.025
-1000.22	0
-1001.29	0.196877
-1002.36	-0.106249
-1003.43	0.0156278
-1004.5	0.0625009
-1005.57	0.0593771
-1006.64	0.00625283
-1007.71	0.103125
-1008.78	0
-1009.85	0.05
-1010.92	0.2
-1011.99	0.275
-1013.06	0.1
-1014.13	0.15
-1015.2	0.2
-1016.27	-0.075
-1017.34	0.15
-1018.41	-0.025
-1019.48	0.125
-1020.56	0.125
-1021.63	0.1
-1022.7	0.05
-1023.77	0.025
-1024.84	0.1
-1025.91	0.15
-1026.99	-0.05
-1028.06	0.175
-1029.13	0.175
-1030.2	0.125
-1031.28	0.025
-1032.35	0.1
-1033.42	2.98023e-008
-1034.49	0
-1035.57	0.125
-1036.64	0.075
-1037.71	0.125
