932.418	1.10977
931.556	0
930.693	0.640231
929.831	0.530461
928.968	0.395689
928.105	0.385917
927.241	0.451122
926.378	0.341348
925.515	0.306573
924.652	0.171797
923.788	0.26202
922.925	0.102242
922.062	0.217464
921.199	0.182684
920.335	0.147903
919.471	0.238121
918.606	0.303317
917.742	0.343533
916.878	0.183749
916.014	0.298964
915.15	0.264177
914.286	0.20439
913.422	0.219602
912.558	0.284812
911.692	0
910.827	0.175756
909.963	0.126512
909.098	0.127269
908.234	0.128025
907.369	0.0537814
906.504	0.154538
905.637	0.180296
904.772	0.106053
903.907	0.20681
903.042	0.232566
902.177	0.158323
901.311	0.20908
900.444	0.134839
899.578	0.285596
898.713	0.261353
897.847	0.21211
896.982	0.212868
896.116	0.113625
895.248	0.214384
894.382	0.0401419
893.516	0.165899
892.65	0.191657
891.783	0.217415
890.915	0.143174
890.049	0.218932
889.182	0.14469
888.315	0.220448
887.449	0.0712066
886.58	0.246966
885.713	0.172725
884.846	0.0984831
883.979	0.224242
883.112	0
882.243	0.120831
881.376	0.216671
880.509	0.13751
879.641	0.28335
878.772	0.129179
877.904	0.0750172
877.036	0.170855
876.169	0.141692
875.299	0.18752
874.431	0.108357
873.563	0.179193
872.695	0.0750291
871.825	0.120855
870.956	0.24169
870.088	0.137525
869.22	0.158359
868.349	-0.0208162
867.481	0.050017
866.612	-0.00414973
865.743	0.141683
864.872	0.187506
864.003	0.0583377
863.134	-0.0458309
862.265	0
861.394	0.1
860.525	0
859.655	-0.075
858.784	0.025
857.914	0.075
857.045	0
856.175	0.2
855.303	0.125
854.434	0.125
853.564	0.225
852.692	-0.025
851.821	0.125
850.951	0.125
850.081	0.1
849.209	0.1
848.338	0.15
847.468	0.15
846.595	0.125
845.724	0.175
844.854	0.025
843.981	0.15
843.11	0.025
842.239	-0.025
841.366	0.05
840.494	0.05
839.623	0
838.75	0.226191
837.878	0.152379
837.007	-0.0464321
836.133	0.00475925
835.261	0.105948
834.39	0.0321369
833.516	0.0083285
832.644	0.109518
831.772	0.110707
830.898	0.236899
830.025	0.0630884
829.151	0.114281
828.279	0.11547
827.406	0.0166601
826.532	0.0928527
825.659	0.0940427
824.786	0.0952328
823.911	0.171426
823.038	0.172616
822.163	0.0738094
821.29	0
820.417	0.125
819.542	0.15
818.669	0.025
817.793	0.1
816.92	0.125
816.046	-0.05
815.17	0.05
814.297	0.075
813.421	0
812.547	-0.05
811.673	0.2
810.797	0.175
809.923	0.075
809.046	0.125
808.172	0
807.298	0.178118
806.421	0.0562438
805.547	0.109363
804.67	0.0874891
803.795	-0.109392
802.918	0.168735
802.043	0.221855
801.168	0.174976
800.291	0.203104
799.416	0.306225
798.539	0.109353
797.663	0.0624746
796.786	0.115604
795.91	0.168726
795.033	0.0968553
794.157	0.274978
793.279	0.228108
792.403	0.0562319
791.527	0.109356
790.649	0.137486
789.773	0.190611
788.895	0.218743
788.018	-0.0531322
787.14	0
786.264	0.196675
785.385	0.168342
784.508	0.190017
783.63	0.236684
782.753	-0.0166426
781.874	0.230023
780.997	0.176697
780.118	0.123362
779.241	0.195035
778.362	0.166699
777.484	0.188371
776.605	-0.0149648
775.727	0.0817065
774.848	0.10337
773.97	0.12504
773.09	0.0217032
772.212	0.293373
771.332	-0.00996482
770.454	0.111704
769.574	0.083366
768.696	0.305034
767.816	0.151695
766.937	0.0733635
766.057	0.145023
765.176	-0.0833167
764.298	0.0883503
763.417	0.0350095
762.538	0.106676
761.657	0.103335
760.778	0
759.897	0.100892
759.018	0.126783
758.137	0.227676
757.258	0.00356635
756.376	0.104459
755.495	0.105352
754.615	0.00624308
753.734	0.157136
752.854	0.0330273
751.972	0.183921
751.092	0.0348119
750.21	0.160705
749.328	0.0115988
748.448	0.0624904
747.566	0.138384
746.685	0.114276
745.803	0.0151697
744.92	0.0410637
744.04	0.166956
743.157	0.14285
742.276	0.143742
741.393	0.0446363
740.511	0.195531
739.63	0.196423
738.746	0.172318
737.865	0.0732104
736.982	0.149105
736.099	0
735.217	0.0763128
734.333	0.152629
733.452	0.178942
732.568	0.230258
731.684	0.156574
730.802	0.0828874
729.918	0.134204
729.034	0.185521
728.152	0.211834
727.268	0.0381512
726.386	0.0394652
725.501	0.140782
724.617	0.0920997
723.734	0.143414
722.85	0.0447316
721.965	0.121049
721.082	0.0973641
720.197	-0.101318
719.312	0
718.429	0.223962
717.544	0.222922
716.658	0.0968821
715.775	0.170844
714.89	0.0698038
714.004	0.0687635
713.12	0.142725
712.235	0.0666845
711.349	0.0406438
710.465	0.0396052
709.579	0.0635643
708.693	0.0875233
707.809	0.161484
706.923	0.235443
706.036	0.209402
705.15	0.10836
704.265	-0.067679
703.379	0.181279
702.492	0.180238
701.607	0.104198
700.721	0.103156
699.834	0.152114
698.949	0.051074
698.062	0.0750318
697.174	0.173989
696.287	0.0729468
695.402	0.146907
694.514	0.0708639
693.627	0.094821
692.739	0.218778
691.853	0.167738
690.966	0.116694
690.078	0.115651
689.192	0.0396102
688.304	0.138567
687.416	0.0125233
686.527	0.13648
685.641	0.0604382
684.753	0.109394
683.864	0.0333505
682.976	0.107306
682.089	0.0812646
681.2	0.0802204
680.311	0.154176
679.422	0.0781316
678.535	0.177089
677.646	0.251045
676.757	0
675.868	0.103333
674.979	0.0316654
674.091	0.00999108
673.202	0.0133246
672.312	0.166659
671.422	0.194993
670.534	0.22332
669.644	0.0266546
668.755	0.0799897
667.864	0.133325
666.974	0.036661
666.086	0.28999
665.196	-0.00667384
664.305	0.171663
663.415	0
662.524	0.202082
661.636	0.154159
660.745	0.206241
659.854	0.158324
658.963	0.0104061
658.072	0.037489
657.181	0.214572
656.292	0.26665
655.4	0.168734
654.509	0.145817
653.618	0.247901
652.726	0.174985
651.836	0.127065
650.945	0.179149
650.053	0.306234
649.161	0.0833187
648.269	0.310404
647.377	0.137489
646.485	0.289574
645.595	0.0416553
644.702	0.193741
643.81	0.145827
642.917	0.222913
642.025	0
641.132	0.198216
640.239	0.121432
639.348	0.144652
638.455	0.192868
637.562	0.291083
636.669	0.164299
635.776	0.212514
634.883	0.185729
633.989	0.133944
633.096	0.107158
632.204	0.130377
631.311	0.303591
630.417	0.0268053
629.523	0.175019
628.629	0.123233
627.735	-0.0785534
626.841	0.21966
625.947	0.192873
625.053	0.0660864
624.16	0.189303
623.266	0.112516
622.371	0.160729
621.477	0.133941
620.582	0.057153
619.687	0.205365
618.792	0.153577
617.897	0.201789
617.002	0
616.107	0.199469
615.212	0.123938
614.316	0.123408
613.421	-0.00212324
612.528	0.122347
611.632	0.221816
610.736	0.096285
609.841	0.145754
608.945	0.170223
608.049	0.219692
607.153	-0.0308397
606.257	0.0936289
605.36	0.168098
604.464	0.142566
603.568	0.192035
602.671	0.216503
601.775	0.0659716
600.878	0.14044
599.981	0.0399083
599.084	-0.0356234
598.188	0.213845
597.291	0.163313
596.393	0.0627811
595.496	0.187249
594.599	0.286717
593.702	0.0861851
592.804	0.060653
591.907	0.110121
591.009	0.234589
590.111	0.0590564
589.213	0.0835241
588.316	0.157992
587.418	0.132459
586.52	0.131927
585.621	0.131394
584.723	0.180862
583.825	0.130329
582.926	0.0797965
582.028	0.104264
581.129	0.128731
580.231	0.153198
579.332	0.202665
578.433	0.127132
577.534	0.201599
576.635	0.251066
575.736	0.0755332
574.837	0
573.937	0.124075
573.038	-0.00184941
572.138	0.0972258
571.239	0.146301
570.339	0.0453758
569.439	0.119451
568.54	0.193525
567.64	0.0926002
566.74	0.166675
565.839	0.0157493
564.939	0.0398238
564.039	0.0388981
563.139	0.187972
562.238	0.0870464
561.338	0.236121
560.435	0.110192
559.534	0.159266
558.633	0.0833401
557.732	-0.0175863
556.831	0.0564873
555.93	0.105561
555.029	-0.0453658
554.128	0.103708
553.227	0.102781
552.325	0.201854
551.424	0.000927031
550.522	0
549.618	0.277502
548.716	-0.0450005
547.815	0.107497
546.913	0.00999439
546.01	0.0874921
545.108	0.0649902
544.206	0.142489
543.304	0.0449871
542.401	0.172486
541.499	0.124985
540.594	-0.0225101
539.691	0.179989
538.789	0.132489
537.886	0.234989
536.983	0.237489
536.08	0.16499
535.177	-0.00750935
534.273	0.219992
533.368	0.0974986
532.465	0
531.561	0.198279
530.658	0.246558
529.754	0.144836
528.85	0.193115
527.946	0.0663928
527.04	0.164667
526.136	0.062945
525.232	0.161223
524.328	0.0845003
523.424	-0.0672224
522.519	0.131055
521.613	0.104328
520.708	0.0276049
519.803	0.175882
518.899	0.0491581
517.994	0.0224345
517.089	0.170711
516.182	0.168983
515.277	0.117259
514.372	0.190534
513.466	0.21381
512.561	0.212085
511.653	0.185357
510.748	0.133631
509.842	0.0319063
508.936	0.00518098
508.031	0.203455
507.125	0.17673
506.217	0
505.311	0.22578
504.404	0.101559
503.498	0.102339
502.59	0.153121
501.683	0.228901
500.777	0.0546809
499.87	-0.044539
498.963	0.256241
498.054	0.157023
497.148	0.132804
496.241	0.0585841
495.333	0.209365
494.424	-0.114853
493.517	0.110928
492.61	0.0367084
491.702	0.112489
490.795	0.16327
489.885	0.0640529
488.977	0.239834
488.069	0.215615
487.161	0.166396
486.251	0.0921793
485.343	0.0179607
484.435	-0.0562579
483.527	0.169524
482.617	0.120307
481.708	0.171089
480.8	0.24687
479.891	0.272652
478.98	0.0984359
478.071	0.124218
477.163	0
476.251	0.149375
475.342	0.173752
474.433	0.0481285
473.524	0.147505
472.613	0.17188
471.703	0.0712563
470.794	0.170633
469.882	0.220007
468.972	0.0943836
468.063	0.19376
467.153	0.143136
466.241	0.0925103
465.331	0.116886
464.42	0.191262
463.508	0.140636
462.598	-0.0099878
461.687	0.0643879
460.775	0.163762
459.864	0.163138
458.953	-0.0374869
458.041	0.136887
457.13	0.136263
456.219	-0.0143622
455.306	0.160012
454.395	0.134387
453.483	0.00876194
452.57	0.108136
451.658	0.232511
450.747	0.156886
449.833	0.331259
448.922	0.180634
448.01	0.255009
447.096	0.0543818
446.184	0.128756
445.272	0.103131
444.358	0.202504
443.445	-0.0981215
442.533	0.126253
441.619	0.225626
440.706	0
439.793	0.12558
438.879	0.0761606
437.966	0.0017404
437.051	0.202322
436.138	0.152901
435.225	0.178481
434.31	0.104063
433.397	0.00464261
432.483	0.00522271
431.568	0.155804
430.654	0.106384
429.739	0.106966
428.825	0.257546
427.911	0.0831267
426.995	0.0337084
426.081	-0.0157111
425.165	0.0348707
424.251	0.160451
423.337	0.0610321
422.42	0.161614
421.506	0.112195
420.589	0.137777
419.675	0.063358
418.76	0.213939
417.843	0.139521
416.928	0.140102
416.011	0.0656848
415.096	0.216266
414.181	0.141847
413.264	0.0924298
412.348	0.168011
411.431	0.243594
410.515	0.0941755
409.598	0.169758
408.682	0.17034
407.764	0.0459228
406.848	0.121505
405.932	0.222086
405.014	0.122669
404.098	0.0982513
403.18	0.248835
402.263	0.0744166
401.345	0
400.428	0.05
399.51	0.1
398.593	0.2
397.674	0.225
396.757	0.075
395.84	0.05
394.921	0.25
394.004	0.075
393.085	0.15
392.167	0.15
391.248	0.125
390.33	0.175
389.411	0.3
388.493	0.05
387.573	0.15
386.655	0.25
385.735	0.075
384.817	0.25
383.897	0.075
382.978	0.325
382.058	0.075
381.14	0.2
380.219	0.175
379.3	0.225
378.38	0.075
377.461	0.175
376.54	0.125
375.621	0.225
374.7	0.125
373.78	0.125
372.859	0.15
371.94	0.125
371.018	0.225
370.099	0.15
369.177	0.275
368.255	0.1
367.335	0.15
366.413	0.225
365.493	0.1
364.571	0.15
363.651	0.225
362.729	0.075
361.808	0.125
360.886	0.225
359.965	0.275
359.042	0.15
358.12	0.1
357.199	0.15
356.276	0.225
355.355	0.225
354.432	0.175
353.51	0.3
352.587	0.1
351.663	0.075
350.742	0.2
349.818	0.025
348.897	0.1
347.973	0.2
347.051	0.2
346.127	0.075
345.203	0.2
344.281	0.125
343.356	0.175
342.434	0.225
341.51	0.275
340.585	-0.025
339.663	0.075
338.738	0.15
337.815	0.175
336.89	0.35
335.965	0.2
335.042	0.275
334.117	0.225
333.191	0.05
332.268	0.075
331.343	0.175
330.419	0.2
329.493	0.25
328.568	0.325
327.644	0.2
326.718	0.15
325.792	0.25
324.868	0.225
323.941	0.325
323.017	0.3
322.091	0.1
321.164	0.1
320.24	0.225
319.313	0.05
318.386	0.275
317.461	0.275
316.534	0.075
315.607	0.125
314.682	0.3
313.755	0.225
312.828	0.125
311.902	0.3
310.975	0.3
310.047	0.1
309.121	0.225
308.194	0.3
307.266	0.15
306.34	0.25
305.412	0.2
304.483	0.125
303.557	0.125
302.629	0.225
301.7	0.2
300.774	0.325
299.845	0.075
298.917	0.3
297.988	0.225
297.061	0.275
296.132	0.225
295.203	0.325
294.276	0.125
293.346	0.35
292.417	0.2
291.487	0.175
290.56	0.45
289.63	0.275
288.7	0.275
287.773	0.475
286.843	0.275
285.913	0.275
284.982	0.1
284.054	0.375
283.124	0.275
282.193	0.35
281.263	0.175
280.334	0.325
279.404	0.3
278.473	0.225
277.542	0.375
276.613	0.25
275.682	0.5
274.751	0.4
273.819	0.225
272.89	0.35
271.959	0.5
271.027	0.35
270.096	0.4
269.166	0.325
268.234	2.98023e-008
267.302	0.575
266.37	0.55
265.44	0.175
264.508	0.175
263.576	0.45
262.643	0.325
261.711	0.25
260.78	0.6
259.847	0.475
258.915	0.4
257.982	0.425
257.051	0.275
256.118	0.35
255.185	0.525
254.252	0.4
253.318	0.325
252.387	0.525
251.453	0.425
250.52	0.525
249.586	0.575
248.652	0.425
247.718	0.45
246.786	0.5
245.852	0.625
244.918	0.425
243.984	0.65
243.049	0.625
242.117	0.525
241.182	0.325
240.248	0.7
239.313	0.425
238.378	0.575
237.443	0.675
236.51	0.425
235.575	0.9
234.64	0.775
233.705	0.475
232.769	0.425
231.834	0.825
230.898	0.725
229.965	0.775
229.029	0.775
228.093	0.525
227.157	0.95
226.221	0.875
225.285	0.6
224.348	0.9
223.414	0.675
222.478	1.125
221.541	0.625
220.605	0.875
219.668	0.7
218.731	0.875
217.794	0.75
216.857	0.55
215.92	0.775
214.985	0.825
214.048	0.825
213.11	0.65
212.173	0.75
211.235	0.55
210.297	0.6
209.36	0.725
208.422	0.7
207.484	0.575
206.546	0.65
205.61	0.625
204.671	0.575
203.733	0.65
202.795	0.625
201.856	0.575
200.918	0.625
199.979	0.625
199.04	0.475
198.101	0.525
197.162	0.625
196.223	0.775
195.284	0.675
194.345	0.525
193.407	0.6
192.468	0.575
191.528	0.575
190.589	0.875
189.649	0.575
188.709	0.525
187.769	0.525
186.829	0.525
185.889	0.65
184.949	0.55
184.008	0.7
183.068	0.65
182.127	0.675
181.187	0.725
180.246	0.775
179.305	0.65
178.364	0.775
177.423	0.575
176.482	0.825
175.541	0.725
174.6	0.675
173.658	0.75
172.717	0.65
171.775	0.65
170.834	1
169.892	1.025
168.95	1.2
168.008	0.95
167.066	0.775
166.124	0.825
165.182	0.675
164.239	0.975
163.297	1.025
162.354	1.15
161.412	1.1
160.469	0.825
159.526	0.975
158.583	1.075
157.64	1.05
156.697	1.2
155.754	0.975
154.811	1.05
153.867	1.1
152.924	1
151.98	1.2
151.037	1.375
150.093	1.325
149.149	1.15
148.205	1.15
147.261	1.15
146.317	1.375
145.373	1.375
144.428	1.7
143.484	1.25
142.539	1.575
141.595	1.275
140.65	1.45
139.705	1.625
138.76	1.575
137.813	1.275
136.868	1.525
135.923	1.6
134.977	2
134.032	1.6
133.087	1.875
132.141	1.975
131.195	2.225
130.25	2.075
129.304	2.675
128.358	2.65
127.412	2.8
126.466	3.025
125.517	3.075
124.571	3.45
123.624	3.3
122.678	3.325
121.731	3.275
120.784	3.5
119.838	3.725
118.891	3.6
117.944	3.525
116.997	3.45
116.047	3.375
115.1	3.825
114.152	3.875
113.205	3.7
112.257	3.15
111.31	3.675
110.362	3.65
109.414	3.85
108.464	3.925
107.516	4.025
106.568	4.35
105.619	4.35
104.671	4.275
103.723	5.175
102.774	5.15
101.825	5.25
100.874	6.55
99.9256	7.025
98.9766	7.1
98.0276	8.95
97.0784	10.025
96.1292	10.975
95.1799	12.625
94.2283	14.15
93.2788	14.95
92.3292	17.7
91.3795	18.825
90.4296	19.925
89.4797	21.675
88.5276	24.2
87.5775	25.475
86.6273	26.2
85.677	25.75
84.7266	25.275
83.774	23.625
82.8234	22.1
81.8727	19.95
80.9219	18.525
79.971	15.85
79.0201	14.375
78.0669	12.35
77.1157	11.55
76.1644	10.825
75.2131	9.275
74.2616	8.675
73.3079	7.475
72.3563	7.25
71.4045	6.4
70.4527	6.35
69.5007	5.65
68.5466	5.05
67.5944	5.225
66.6422	5.1
65.6899	4.5
64.7353	4.525
63.7828	4
62.8302	4.025
61.8774	4.275
60.9246	4.175
59.9696	3.85
59.0166	3.7
58.0635	3.525
57.1103	3.275
56.1548	3.425
55.2014	3.25
54.2479	3.025
53.2943	2.9
52.3385	2.725
51.3847	2.6
50.4308	2.575
49.4769	2.7
48.5206	2.55
47.5665	2.575
46.6122	2.825
45.6578	2.575
44.7012	2.4
43.7467	2.625
42.792	2.5
41.8351	2.875
40.8802	2.475
39.9253	2.375
38.9702	2.675
38.013	2.875
37.0577	2.85
36.1024	2.725
35.1469	2.675
34.1892	2.85
33.2336	2.4
32.2779	2.875
31.3199	2.525
30.364	2.725
29.408	2.925
28.4497	3
27.4935	2.875
26.5372	2.8
25.5807	3.15
24.6221	2.875
23.6655	2.525
22.7088	3.05
21.7498	2.95
20.7929	2.525
19.8359	2.625
18.8767	2.7
17.9195	2.6
16.9622	3
16.0026	3
15.0452	2.825
14.0876	3.425
13.1277	3.375
12.17	3.525
11.2121	4
10.252	4.125
9.29388	4.475
8.33571	4.4
7.37529	4.325
6.41692	5.5
5.45845	5.975
4.49774	8.45
3.53908	13.375
2.58032	27.825
1.61931	67.675
0.660352	161.5
-0.2987	138.175
-1.26001	61.05
-2.21925	37.825
-3.18076	28.3
-4.1402	12.9
-5.09974	5.55
-6.06154	3.975
-7.02128	4.25
-7.98112	4.7
-8.94321	4.475
-9.90324	3.525
-10.8655	3.9
-11.8258	3.575
-12.7861	3.2
-13.7487	2.75
-14.7092	2.925
-15.6698	2.725
-16.6327	2.95
-17.5935	2.6
-18.5566	2.875
-19.5176	2.75
-20.4787	2.325
-21.4421	2.425
-22.4034	2.65
-23.367	2.225
-24.3285	2.375
-25.2922	1.775
-26.2539	2.475
-27.2157	2.575
-28.1798	2.175
-29.1418	2.575
-30.1061	2.35
-31.0683	2.4
-32.0306	2.125
-32.9951	2.125
-33.9576	2.375
-34.9224	2.375
-35.885	2.625
-36.85	2.45
-37.8129	2.45
-38.778	2.175
-39.7411	2.3
-40.7043	2.25
-41.6697	1.825
-42.6331	2.1
-43.5988	2.075
-44.5623	2.25
-45.5282	1.8
-46.4919	2.125
-47.458	2.175
-48.422	2.15
-49.3882	2.325
-50.3524	2.225
-51.3166	2.225
-52.2832	2.075
-53.2476	2.325
-54.2144	2.4
-55.179	2.675
-56.1459	2.8
-57.1108	2.525
-58.0779	3.15
-59.043	2.675
-60.0103	2.975
-60.9756	2.75
-61.9431	3.25
-62.9086	3.175
-63.8763	3.175
-64.8419	3.675
-65.8098	3.275
-66.7757	3.275
-67.7438	4.175
-68.7099	3.475
-69.6782	3.9
-70.6444	4.425
-71.6129	4.7
-72.5794	5.175
-73.5481	5.375
-74.5147	5.525
-75.4837	6.625
-76.4505	7.075
-77.4196	7.95
-78.3867	8.775
-79.356	9.25
-80.3232	11.55
-81.2927	11.975
-82.2602	13.725
-83.2299	14.95
-84.1997	16.65
-85.1674	16.75
-86.1374	17.675
-87.1053	16.875
-88.0756	17.05
-89.0437	14.6
-90.0141	13.975
-90.9824	13.075
-91.953	11.4
-92.9216	10.2
-93.8924	8.975
-94.8633	8.65
-95.8321	7.875
-96.8032	7.125
-97.7722	5.35
-98.7435	5.225
-99.7128	4.55
-100.684	3.575
-101.656	3.4
-102.625	3.3
-103.597	3.025
-104.567	3.15
-105.539	2.775
-106.509	2.725
-107.481	2.4
-108.453	2.5
-109.424	2.425
-110.396	2.3
-111.367	2.225
-112.339	2.05
-113.312	2.475
-114.283	2.225
-115.256	2.1
-116.227	1.975
-117.2	1.975
-118.173	2.1
-119.144	2.125
-120.118	2.125
-121.089	2
-122.063	1.85
-123.037	1.775
-124.009	1.8
-124.983	1.55
-125.954	1.675
-126.929	1.55
-127.903	1.175
-128.875	1.35
-129.85	0.975
-130.824	1
-131.797	1.125
-132.772	0.875
-133.747	0.975
-134.719	1.025
-135.694	0.925
-136.668	1.025
-137.643	0.8
-138.618	1.05
-139.592	0.95
-140.567	1.025
-141.543	0.85
-142.516	1
-143.492	0.825
-144.468	0.7
-145.442	0.85
-146.419	0.575
-147.395	0.575
-148.369	0.625
-149.346	0.675
-150.322	0.5
-151.297	0.6
-152.274	0.575
-153.25	0.475
-154.225	0.625
-155.202	0.425
-156.18	0.675
-157.155	0.6
-158.132	0.675
-159.11	0.425
-160.085	0.575
-161.063	0.575
-162.041	0.575
-163.019	0.475
-163.994	0.225
-164.973	0.425
-165.951	0.35
-166.927	0.325
-167.905	0.5
-168.884	0.525
-169.863	0.475
-170.839	0.6
-171.818	0.425
-172.797	0.425
-173.774	0.475
-174.753	0.5
-175.732	0.35
-176.711	0.375
-177.689	0.625
-178.668	0.3
-179.648	0.425
-180.625	0.2
-181.605	0.425
-182.585	0.375
-183.565	0.2
-184.543	0.425
-185.523	0.225
-186.504	0.35
-187.484	0.35
-188.463	0.25
-189.443	0.4
-190.424	0.25
-191.405	0.425
-192.384	0.325
-193.365	0.375
-194.346	0.25
-195.327	0.125
-196.306	0.325
-197.288	0.35
-198.269	0.15
-199.251	0.275
-200.231	0.2
-201.212	0.3
-202.194	0.3
-203.176	0.15
-204.159	0.025
-205.139	0.4
-206.121	0.475
-207.104	0.275
-208.086	0.15
-209.069	0.275
-210.049	0.375
-211.032	0.25
-212.015	0.2
-212.998	0.4
-213.979	0.4
-214.963	0.325
-215.946	0.35
-216.93	0.375
-217.913	0.375
-218.897	0.425
-219.878	0.275
-220.862	0.4
-221.846	0.175
-222.83	0.375
-223.815	0.325
-224.797	0.425
-225.781	0.25
-226.766	0.225
-227.75	0.4
-228.735	0.225
-229.72	0.325
-230.703	0.275
-231.688	0.45
-232.673	0.15
-233.658	0.275
-234.643	0.325
-235.629	0.225
-236.612	0.3
-237.598	0.375
-238.583	0.35
-239.569	0.175
-240.555	0.325
-241.541	0.15
-242.525	0.225
-243.511	0.275
-244.498	0.25
-245.484	0.175
-246.471	0.225
-247.457	0.1
-248.444	0.25
-249.431	0.225
-250.416	0.075
-251.403	0.15
-252.39	0.075
-253.377	0.125
-254.365	0.25
-255.352	0.225
-256.34	0.125
-257.327	0.325
-258.313	0.275
-259.301	0.225
-260.289	0.175
-261.277	0.175
-262.265	0.35
-263.253	0.175
-264.242	0.375
-265.23	0.275
-266.219	0.075
-267.205	0.225
-268.194	0.125
-269.183	0.125
-270.172	0.05
-271.161	0.2
-272.151	0.05
-273.14	0.1
-274.129	0.175
-275.119	0.075
-276.108	0.15
-277.098	0.075
-278.088	0.2
-279.076	0
-280.066	0.149287
-281.056	0.248574
-282.046	0.247861
-283.036	0.122147
-284.027	0.0214339
-285.017	-0.00427955
-286.008	0.245007
-286.999	0.219293
-287.99	0.21858
-288.981	0.167866
-289.972	0.142152
-290.963	0.266438
-291.954	-0.00927573
-292.946	0.11501
-293.937	0.164296
-294.929	0.0885819
-295.92	0.0878677
-296.91	0.137155
-297.902	0.111441
-298.894	0.135726
-299.886	0.110012
-300.878	0.109297
-301.87	0.0335822
-302.863	0.157867
-303.855	0.0821526
-304.848	0.206438
-305.841	0.0557227
-306.834	0.130008
-307.826	0.0292924
-308.819	0.0535772
-309.813	0.077862
-310.806	0.127147
-311.799	0.0514311
-312.793	-0.0242844
-313.786	0
-314.78	0.128405
-315.774	0.0818111
-316.767	-0.0897828
-317.761	0.0386236
-318.755	0.0420303
-319.75	0.145438
-320.744	0.123845
-321.738	0.127253
-322.733	0.130661
-323.727	0.23407
-324.722	0.0124786
-325.717	0.165888
-326.712	0.144297
-327.707	0.0477073
-328.702	0.301118
-329.697	0.279528
-330.692	0.132939
-331.688	-0.0386491
-332.683	0.0647626
-333.679	0.193175
-334.674	0.171587
-335.67	0
-336.666	0.2
-337.662	0.175
-338.661	0.075
-339.657	0.15
-340.653	0.2
-341.65	0.275
-342.646	0.125
-343.643	0.025
-344.64	0.275
-345.636	0.125
-346.633	0.05
-347.631	0.1
-348.628	0.175
-349.625	0.175
-350.622	0.05
-351.62	0.125
-352.617	0
-353.615	0.142505
-354.613	0.13501
-355.613	0.152496
-356.611	0.144999
-357.609	0.0125015
-358.607	0.0300027
-359.606	-0.00249684
-360.604	0.0650029
-361.603	-0.0174982
-362.601	0
-363.6	0.1
-364.599	0.125
-365.598	0.125
-366.597	0.075
-367.598	0.1
-368.597	0.025
-369.597	-0.025
-370.596	-0.05
-371.596	0.125
-372.595	0.05
-373.595	0.075
-374.595	0.25
-375.595	0.125
-376.595	0
-377.598	0.175
-378.598	0
-379.598	0.05
-380.599	0.025
-381.599	0.1
-382.6	0.05
-383.601	0.15
-384.602	0.05
-385.605	0.15
-386.606	0.075
-387.608	0.025
-388.609	0
-389.61	0.175
-390.612	0.025
-391.614	0
-392.618	0.1
-393.619	0.025
-394.621	0.1
-395.623	0.05
-396.626	0.175
-397.628	-0.05
-398.63	0.075
-399.635	0.075
-400.638	0.05
-401.64	0.175
-402.643	0.075
-403.646	0.125
-404.649	0.15
-405.654	0.15
-406.658	0
-407.661	-0.075
-408.664	-0.05
-409.668	0
-410.672	-0.120837
-411.678	0.208335
-412.682	0.0624987
-413.685	-0.0583372
-414.69	0.170827
-415.694	0.0999922
-416.7	0.0291668
-417.705	0.208333
-418.709	0.0374988
-419.714	0.0916654
-420.718	0.0958324
-421.723	0
-422.73	0.1
-423.735	0
-424.741	0
-425.746	0.2
-426.753	0.2
-427.759	0.2
-428.764	0.15
-429.77	0.075
-430.776	0.1
-431.784	0.125
-432.79	0.075
-433.796	0.2
-434.802	0.025
-435.808	0.075
-436.817	0.225
-437.823	0.15
-438.83	0.325
-439.837	0.15
-440.846	0.05
-441.853	0
-442.86	0.0761345
-443.867	0.127269
-444.876	0.103407
-445.884	0.204541
-446.891	0.230676
-447.899	0.0318115
-448.908	0.107949
-449.916	0.109085
-450.924	0.0102202
-451.932	0.186356
-452.942	0.162494
-453.951	0.0636299
-454.959	0.189766
-455.967	0.015902
-456.978	0.117041
-457.987	0.193177
-458.995	0.119313
-460.004	0.17045
-461.015	0.221589
-462.024	0.247726
-463.033	0.048863
-464.043	0
-465.054	0.225
-466.064	0.075
-467.073	0.125
-468.085	0.075
-469.095	0.125
-470.105	0.075
-471.115	0.075
-472.127	0.125
-473.137	0.15
-474.148	0.125
-475.16	0.175
-476.171	0
-477.181	0.13035
-478.192	0.0607007
-479.205	0.116064
-480.216	0.0964156
-481.227	0.251768
-482.241	0.232133
-483.252	0.212486
-484.263	0.0428402
-485.277	0.148207
-486.288	0.228562
-487.3	0.233918
-488.314	0.0892859
-489.326	0.194643
-490.338	0
-491.352	0.120829
-492.365	0.266668
-493.377	0.262506
-494.392	0.083334
-495.404	0.179171
-496.417	0.0500078
-497.432	0.195835
-498.445	0.19167
-499.458	0.0875058
-500.473	0.258332
-501.486	0.204166
-502.499	0
-503.515	0.346051
-504.529	0.0671099
-505.542	0.163169
-506.558	0.109218
-507.572	-0.0447238
-508.586	0.351334
-509.602	0.147382
-510.616	0.0684388
-511.63	0.0894951
-512.647	0.135542
-513.661	0.231598
-514.678	0.0276439
-515.693	0.148699
-516.708	0.0947528
-517.725	0.0657977
-518.74	0.0868512
-519.755	0.107904
-520.772	-0.071052
-521.788	0
-522.805	0.0289488
-523.821	0.132889
-524.836	0.0368299
-525.854	0.14078
-526.87	0.119721
-527.888	0.173672
-528.905	0.0776145
-529.921	0.131557
-530.939	0.11051
-531.956	0.164453
-532.972	0.193397
-533.991	0.0473506
-535.008	0.201295
-536.027	-0.0697505
-537.044	0.159195
-538.063	0.13815
-539.08	0.217097
-540.097	0.346044
-541.117	0
-542.134	0.218757
-543.154	0.2375
-544.172	0.0812566
-545.19	0.125012
-546.21	-0.0812468
-547.228	0.0625076
-548.248	0.0312471
-549.266	0
-550.287	0.0980759
-551.305	-0.0288443
-552.324	0.119236
-553.345	0.117311
-554.363	0.09039
-555.384	0.138465
-556.403	0.211544
-557.425	-0.0403819
-558.444	0.0826966
-559.465	-0.0192295
-560.485	0.128849
-561.504	0.0269266
-562.526	0
-563.546	0.15
-564.568	0.075
-565.588	0.125
-566.61	0.075
-567.63	0.1
-568.653	0.1
-569.673	0.025
-570.696	-0.1
-571.716	-2.98023e-008
-572.739	-0.025
-573.76	0.05
-574.781	0.025
-575.804	0
-576.825	0.151468
-577.849	0.127939
-578.87	-0.0205929
-579.894	-0.0191213
-580.915	0.0573471
-581.939	0.083819
-582.961	0.185288
-583.985	0.16176
-585.007	0.0882289
-586.031	0.164701
-587.054	0.116171
-588.078	0.142644
-589.101	0.0441132
-590.125	0.145586
-591.148	0.0470563
-592.173	0.14853
-593.196	0
-594.221	0.0972348
-595.244	0.0944218
-596.269	0.0666618
-597.293	0.163854
-598.318	0.161098
-599.342	0.233296
-600.368	0.205545
-601.391	0.302747
-602.417	0
-603.441	0.217517
-604.468	0.285016
-605.494	0.277514
-606.518	0.295029
-607.545	0.262526
-608.569	0.255038
-609.596	0.322533
-610.621	0.240045
-611.648	0.182539
-612.673	0.275048
-613.7	0.21754
-614.725	0.160048
-615.753	0.177539
-616.778	0.220045
-617.806	0.212534
-618.833	0.180022
-619.859	0.0725261
-620.887	0.240013
-621.913	0.257515
-622.941	0
-623.967	0.172625
-624.996	0.170244
-626.022	0.117868
-627.051	0.165486
-628.08	0.163105
-629.106	0.110728
-630.135	0.133346
-631.162	0.155969
-632.191	0.0785858
-633.218	0.201208
-634.248	0.0988249
-635.277	0.171441
-636.305	0.194063
-637.335	-0.00832105
-638.362	0.0643
-639.392	-0.0380844
-640.422	0.109531
-641.45	0.157151
-642.48	0.204766
-643.509	0.0523857
-644.539	0
-645.57	0.2
-646.598	0.025
-647.629	0.175
-648.658	0.2
-649.689	0.15
-650.72	0.2
-651.749	0.15
-652.781	0.075
-653.81	0.15
-654.841	-0.025
-655.873	0.225
-656.903	0.1
-657.935	0.15
-658.964	0.05
-659.997	0.15
-661.029	0.125
-662.059	0.175
-663.092	0.05
-664.124	0
-665.155	0.00191924
-666.187	0.128843
-667.22	0.105767
-668.251	0.107687
-669.284	0.0596109
-670.315	0.0615312
-671.349	0.213456
-672.382	0.0403809
-673.414	0.217302
-674.447	0.144227
-675.481	0.146153
-676.513	0.173074
-677.547	0
-678.581	0.0931801
-679.613	0.0613743
-680.647	0.204553
-681.682	0.0977306
-682.714	0.0159228
-683.749	-0.0159011
-684.784	0.0272746
-685.816	0.0954644
-686.851	0.188638
-687.886	0.0818118
-688.919	0
-689.955	0.0517844
-690.99	0.0285688
-692.023	0.0553494
-693.059	0.207134
-694.095	-0.116081
-695.129	0.0607007
-696.165	-0.0375139
-697.201	-0.0107283
-698.235	0.0660535
-699.271	0.16784
-700.307	0.144626
-701.344	-0.103588
-702.378	0.0481946
-703.415	0.124981
-704.452	0.151768
-705.487	0.0535515
-706.524	0.105339
-707.561	0.182126
-708.596	0.20891
-709.634	0.0356979
-710.671	0.0874861
-711.709	0.0892743
-712.744	0.316059
-713.782	0.142847
-714.82	0.144636
-715.856	0.121421
-716.894	0.0982105
-717.933	0
-718.971	0.1
-720.007	-0.05
-721.046	0.15
-722.085	0.25
-723.121	-0.025
-724.16	0.1
-725.2	0.1
-726.239	0.1
-727.276	0
-728.315	0.2
-729.355	0.05
-730.395	0.175
-731.432	0.1
-732.472	0.15
-733.512	0.15
-734.552	0.2
-735.59	0.25
-736.63	0.1
-737.671	0.275
-738.711	0.075
-739.75	0.15
-740.79	0.175
-741.831	0.15
-742.871	0.15
-743.912	0
-744.953	0.147501
-745.994	-0.029995
-747.035	0.167506
-748.075	0.115009
-749.117	0.0125093
-750.158	0.160012
-751.2	0.207512
-752.24	-0.0199861
-753.283	0.077513
-754.324	0.100015
-755.366	0.122513
-756.408	0.220012
-757.45	0.0675125
-758.492	0.0400103
-759.534	0.187511
-760.577	0.060008
-761.62	-0.067495
-762.662	0.0550045
-763.705	0.152501
-764.747	0
-765.791	0.129166
-766.834	0.0583321
-767.877	0.012494
-768.921	0.116661
-769.963	-0.0291761
-771.007	-8.04663e-006
-772.051	0.15416
-773.094	0.0333246
-774.139	0.187494
-775.183	0.0916638
-776.227	0.145829
-777.271	0
-778.316	-0.0295449
-779.36	0.0409149
-780.405	0.0613691
-781.449	0.106828
-782.494	0.202281
-783.539	-0.0272662
-784.584	0.068191
-785.629	0.0136428
-786.675	0.184094
-787.719	0.00454974
-788.765	0
-789.811	0.0281234
-790.857	-0.018753
-791.903	0.209368
-792.949	0.037492
-793.995	0.0156167
-795.041	0.218738
-796.087	-0.00313634
-797.134	-1.07288e-005
-798.18	0.053112
-799.227	0.106238
-800.274	0.134365
-801.321	0.087492
-802.368	0.115616
-803.415	0.143744
-804.463	0.0968717
-805.51	0
-806.557	0.107681
-807.605	0.0653723
-808.653	0.198064
-809.701	0.305757
-810.748	0.0884411
-811.796	0.146136
-812.845	0.10383
-813.893	0.186526
-814.941	0.169214
-815.99	0.0769114
-817.039	0.18461
-818.088	0.242309
-819.136	0
-820.185	0.338892
-821.234	0.127783
-822.284	0.0666729
-823.333	0.305562
-824.382	0.144462
-825.432	0.0833478
-826.482	0.0722329
-827.532	0.136117
-828.582	0
-829.631	0.0519956
-830.681	0.00399357
-831.732	0.105992
-832.783	0.0579903
-833.833	0.184989
-834.884	0.286988
-835.934	0.113985
-836.985	0.0909839
-838.036	0.192983
-839.087	0.119983
-840.139	0.121983
-841.19	0.173983
-842.242	0.175984
-843.292	0.127982
-844.344	0.154983
-845.396	0.0819837
-846.448	0.183985
-847.5	0.185986
-848.553	0.112988
-849.605	0.23999
-850.658	0.0669919
-851.709	0.193992
-852.762	0.170994
-853.815	0.172997
-854.868	0
-855.921	0.0710562
-856.974	0.167112
-858.027	0.0881673
-859.081	0.209222
-860.134	0.180277
-861.188	0.151331
-862.241	0.097389
-863.294	0.168442
-864.348	0.164495
-865.402	0.0105476
-866.457	0.206599
-867.511	0.252651
-868.565	0.173702
-869.62	0.0697528
-870.675	0.165803
-871.729	0.136853
-872.784	0.0329025
-873.839	0.253952
-874.895	0
-875.95	0.10078
-877.005	0.22656
-878.061	0.0773401
-879.116	0.0281203
-880.172	-0.0210994
-881.228	0.154681
-882.284	0.0804614
-883.34	0.0562419
-884.396	0.0820226
-885.452	0.107803
-886.508	0.233584
-887.565	0.0843649
-888.621	0.160146
-889.678	0.160927
-890.735	-0.0382919
-891.792	0.237489
-892.849	0.138271
-893.906	0.064052
-894.963	0.164833
-896.021	0.190615
-897.078	0.116397
-898.136	0.217178
-899.194	0.14296
-900.251	0.093742
-901.309	0.0695239
-902.367	0.145306
-903.426	0.196088
-904.484	0.17187
-905.542	0.0226526
-906.601	0.123435
-907.659	0.199217
-908.718	0
-909.777	0.0795424
-910.837	0.0590906
-911.896	0.263634
-912.956	0.268178
-914.015	-0.00227737
-915.074	-0.0727323
-916.134	0.156813
-917.194	0.136359
-918.253	0.0659057
-919.313	0.170453
-920.373	0
-921.435	0.199376
-922.495	0.198752
-923.555	0.198128
-924.616	0.172505
-925.676	0.246881
-926.737	0.146257
-927.798	0.170633
-928.859	0.0950089
-929.921	0.0943841
-930.982	0.11876
-932.043	0.193136
-933.105	0.142511
-934.166	0.166887
-935.228	0.166263
-936.289	0.190638
-937.352	0.190013
-938.414	0.0393881
-939.476	0.188763
-940.539	0.138139
-941.601	0.237514
-942.663	0.286889
-943.727	0.136263
-944.79	0.285638
-945.852	0.185013
-946.915	0.259388
-947.978	0.133763
-949.042	0.133137
-950.106	0.132511
-951.169	0.156886
-952.232	0.0562602
-953.296	0.180635
-954.361	0.280008
-955.425	0.179383
-956.489	0.303757
-957.553	0.103131
-958.618	0.152504
-959.682	-0.0481216
-960.746	0.176252
-961.811	0.100626
-962.875	0
-963.941	0.0460533
-965.006	0.167111
-966.071	0.0631679
-967.136	0.209224
-968.203	0.155276
-969.268	0.101332
-970.333	0.0223871
-971.4	-0.00656229
-972.465	0.0894922
-973.531	0.0605462
-974.597	0.1316
-975.664	0.0526486
-976.73	0.0487012
-977.796	0.0697537
-978.864	0.115801
-979.93	0.161852
-980.997	0.0829035
-982.064	0.0289541
-983.132	0
-984.198	0.1
-985.265	0
-986.334	0.25
-987.401	0.1
-988.468	0.1
-989.537	0.125
-990.604	0.125
-991.672	0.025
-992.741	0.1
-993.809	0.075
-994.877	-0.075
-995.947	0.1
-997.015	0.225
-998.083	0.1
-999.153	0.125
-1000.22	0.1
-1001.29	-0.1
-1002.36	0.1
-1003.43	0.175
-1004.5	0.025
-1005.57	0.15
-1006.64	0
-1007.71	0.1
-1008.78	0
-1009.85	0.0263138
-1010.92	0.102629
-1011.99	0.103944
-1013.06	0.00525934
-1014.13	0.0315738
-1015.2	0.207888
-1016.27	0.0592046
-1017.34	0.0105195
-1018.41	0.061836
-1019.48	0.0881511
-1020.56	0.0144665
-1021.63	0.115783
-1022.7	0.067099
-1023.77	0.0434163
-1024.84	-0.030268
-1025.91	0.0710496
-1026.99	-0.0526342
-1028.06	0.173683
-1029.13	0
-1030.2	0.201317
-1031.28	0.0776348
-1032.35	0.0789516
-1033.42	0.0802701
-1034.49	0.0815873
-1035.57	0.107906
-1036.64	0.0842235
-1037.71	0.235542
