932.418	1.09047
931.556	0
930.693	0.638102
929.831	0.461919
928.968	0.242877
928.105	0.20955
927.241	0.276211
926.378	0.242883
925.515	0.166697
924.652	0.204796
923.788	0.200037
922.925	0.266707
922.062	0.247662
921.199	0.28576
920.335	0.0667134
919.471	0.119095
918.606	0.214324
917.742	0.166705
916.878	0.1048
916.014	0.15718
915.15	0.195274
914.286	0.0762251
913.422	0.214318
912.558	0.22384
911.692	0.019064
910.827	0.314299
909.963	0.0523901
909.098	0.16191
908.234	0
907.369	0.129081
906.504	0.0153044
905.637	0.130101
904.772	0.0591817
903.907	0.13112
903.042	0.0459149
902.177	0.232139
901.311	0.06122
900.444	0.133159
899.578	0.147955
898.713	0.105608
897.847	0.16326
896.982	0.16377
896.116	0.00713742
895.248	0.0647914
894.382	0.093873
893.516	0.180097
892.65	0.13775
891.783	0.0811177
890.915	0.224486
890.049	0.224997
889.182	0.0826499
888.315	0.154589
887.449	0.0550994
886.58	0.0698967
885.713	0.0561216
884.846	0.0709179
883.979	0
883.112	0.0709193
882.243	0.0846946
881.376	0.212757
880.509	0.140819
879.641	0.0974521
878.772	0.0826558
877.904	0.139289
877.036	0.167351
876.169	0.109698
875.299	0.180616
874.431	0.0943921
873.563	0.0795966
872.695	0.0790868
871.825	0.121433
870.956	0.0352086
870.088	0.120413
869.22	0.00561714
868.349	0.247963
867.481	0.0474529
866.612	0.0469428
865.743	0.160718
864.872	0.0316353
864.003	0.0739821
863.134	0.0877575
862.265	0.14439
861.394	0.201021
860.525	0.0433677
859.655	0
858.784	0.0571429
857.914	0.157143
857.045	0.114286
856.175	0.0571429
855.303	0.0857143
854.434	0.157143
853.564	0.0714285
852.692	0.157143
851.821	0
850.951	0.1
850.081	0.114286
849.209	0.0571429
848.338	0.142857
847.468	0.171429
846.595	0.171429
845.724	0.0428572
844.854	0.142857
843.981	0.2
843.11	0.142857
842.239	0.185714
841.366	0.1
840.494	0.185714
839.623	0.2
838.75	0.142857
837.878	0.114286
837.007	0.114286
836.133	0.114286
835.261	0.0857143
834.39	0.214286
833.516	0.157143
832.644	0.1
831.772	0.0285714
830.898	0.0857143
830.025	0.128571
829.151	0.114286
828.279	0.185714
827.406	0.185714
826.532	0.128571
825.659	0.0714286
824.786	0.0571429
823.911	0.285714
823.038	0.128571
822.163	0.0857143
821.29	0.0714286
820.417	0.128571
819.542	0.114286
818.669	0.0857143
817.793	0.128571
816.92	0.0571429
816.046	0.0714285
815.17	0.142857
814.297	0.0428572
813.421	0
812.547	0.126894
811.673	0.139501
810.797	0.209248
809.923	0.178998
809.046	0.0916018
808.172	0.204209
807.298	0.173959
806.421	0.200847
805.547	0.156311
804.67	0.240342
803.795	0.08152
802.918	0.151265
802.043	0.0781569
801.168	-0.0520945
800.291	0.131936
799.416	-0.0126015
798.539	0
797.663	0.0725251
796.786	0.0307669
795.91	0.0747207
795.033	0.0472484
794.157	0.105488
793.279	-0.0219838
792.403	0.22197
791.527	0.151639
790.649	0.0527386
789.773	0.053836
788.895	0.197793
788.018	0.0846051
787.14	0.128562
786.264	0.0296602
785.385	0.130761
784.508	0.0747159
783.63	0.00438783
782.753	0.062629
781.874	0.16373
780.997	0.0648282
780.118	0.108786
779.241	0.0955994
778.362	0.0109863
777.484	0.0549423
776.605	0.17033
775.727	0
774.848	0.128571
773.97	0.185714
773.09	0.0857143
772.212	0.0857143
771.332	0.114286
770.454	0.0571429
769.574	0.0714286
768.696	-0.0428571
767.816	-0.114286
766.937	0.2
766.057	0.0571429
765.176	0.0571429
764.298	0.1
763.417	0.114286
762.538	0
761.657	0.0717767
760.778	0.0435526
759.897	0.115329
759.018	0.172819
758.137	0.0731678
757.258	0.0592295
756.376	0.173863
755.495	0.102783
754.615	0.0888451
753.734	0.160622
752.854	0.0609697
751.972	0.175604
751.092	0.218809
750.21	0.00487146
749.328	0.119506
748.448	0.119854
747.566	0.077345
746.685	0.0776929
745.803	0.14947
744.92	0.121247
744.04	0.0644526
743.157	0.121944
742.276	0.108007
741.393	0.079784
740.511	0.180133
739.63	0.166195
738.746	0.0808299
737.865	0.00974959
736.982	0.152956
736.099	0.0533049
735.217	0.125082
734.333	0.125431
733.452	0.154351
732.568	0.0404141
731.684	0.0836205
730.802	0.21254
729.918	0.141461
729.034	0.127525
728.152	0.099302
727.268	0.27108
726.386	0
725.501	0.171429
724.617	0.2
723.734	0.1
722.85	0.0428571
721.965	0.0571428
721.082	0.0857143
720.197	0.228572
719.312	0.0428571
718.429	0.157143
717.544	0.157143
716.658	0
715.775	0.170901
714.89	0.141801
714.004	0.126986
713.12	0.15503
712.235	0.097358
711.349	0.196829
710.465	0.0534438
709.579	0.138629
708.693	0.0666713
707.809	0.180429
706.923	0.165614
706.036	0.136513
705.15	0.0359838
704.265	0.0925983
703.379	0.0634974
702.492	0.191539
701.607	0.205297
700.721	0.147624
699.834	0.16138
698.949	0.103709
698.062	0.13175
697.174	0.202649
696.287	0.144976
695.402	0.0158759
694.514	0.143917
693.627	0.114816
692.739	0
691.853	0.113639
690.966	0.0415618
690.078	0.0694849
689.192	-0.00259072
688.304	0.139618
687.416	0.138969
686.527	0.0811777
685.641	0.094816
684.753	0.108453
683.864	0.0506613
682.976	0.064298
682.089	0.120793
681.2	0.163001
680.311	0.0480665
679.422	0.118846
678.535	0.0896266
677.646	0.131834
676.757	0.0454708
675.868	0.0733927
674.979	0.158458
674.091	0.029238
673.202	0.0857311
672.312	0.142224
671.422	0.213003
670.534	0.22664
669.644	0.0831334
668.755	0.0824834
667.864	0.0104048
666.974	0.209755
666.086	0.151963
665.196	0.179884
664.305	0.0506626
663.415	0.00715515
662.524	0.235076
661.636	0.09157
660.745	0.148062
659.854	0.147412
658.963	0.0324754
658.072	0.0461103
657.181	0.0597452
656.292	0.0305244
655.4	0.0155878
654.509	0.0435082
653.618	0
652.726	0.114286
651.836	0
650.945	0
650.053	0.242857
649.161	0.114286
648.269	0.0285714
647.377	0.0285714
646.485	0.0428571
645.595	0.128571
644.702	0.0857143
643.81	0.171429
642.917	0.0285714
642.025	0.0285714
641.132	0.142857
640.239	0.0571429
639.348	0.0857142
638.455	0.0285714
637.562	0.0714285
636.669	0.2
635.776	0.0857142
634.883	0.157143
633.989	0.0857143
633.096	0
632.204	0.144532
631.311	0.131924
630.417	0.0621744
629.523	0.120996
628.629	0.0369606
627.735	0.110068
626.841	0.211747
625.947	0.0991414
625.053	0.0865351
624.16	0.131068
623.266	0.0613196
622.371	0.0772854
621.477	0.0218229
620.582	0.152075
619.687	0.0966125
618.792	0.226865
617.897	0.0999741
617.002	0.115941
616.107	0.203336
615.212	0.0193036
614.316	0.192414
613.421	0.0798098
612.528	0.181488
611.632	0.168884
610.736	0.156281
609.841	0.129392
608.945	0.188217
608.049	0.147043
607.153	0.00586864
606.257	0.107552
605.36	0.123521
604.464	0.168061
603.568	0.0983163
602.671	0
601.775	0.184573
600.878	0.15486
599.981	0.168004
599.084	0.152576
598.188	0.137148
597.291	0.0931493
596.393	0.14915
595.496	0.205151
594.599	0.161151
593.702	0.0457227
592.804	0.130294
591.907	0.157723
591.009	0.0422945
590.111	0.0840086
589.213	0.197151
588.316	0.167437
587.418	0.123436
586.52	0.16515
585.621	0.235435
584.723	0.134291
583.825	0.204576
582.926	0.0748609
582.028	0.0737168
581.129	0.158287
580.231	0
579.332	0.241355
578.433	0.125566
577.534	0.124064
576.635	0.136847
575.736	0.206772
574.837	0.190983
573.937	-0.0105201
573.038	0.230834
572.138	0.100759
571.239	0.0278261
570.339	0.140608
569.439	0.124818
568.54	0.00902838
567.64	0.0932382
566.74	0.148877
565.839	0.0330863
564.939	0.117296
564.039	0.130077
563.139	0
562.238	0
561.338	0.0714286
560.435	0.0857143
559.534	-0.0142857
558.633	0.1
557.732	0.0571429
556.831	0.0857143
555.93	0.185714
555.029	0
554.128	0.0428572
553.227	0.128571
552.325	0.128571
551.424	0
550.522	0.0142857
549.618	0.0428572
548.716	-0.0428571
547.815	0.114286
546.913	-0.0142857
546.01	0.0428572
545.108	0.142857
544.206	0.1
543.304	0.0857143
542.401	0.171429
541.499	0.1
540.594	0.0285714
539.691	0
538.789	0.128571
537.886	0.0285714
536.983	0.0285715
536.08	0
535.177	0.0714286
534.273	0.0428572
533.368	0.1
532.465	0.0428571
531.561	0.142857
530.658	0.114286
529.754	0.0428572
528.85	0.0428571
527.946	0.0571429
527.04	0.185714
526.136	0.185714
525.232	-0.0142857
524.328	0.0428571
523.424	0.0571429
522.519	0.2
521.613	0.1
520.708	0.1
519.803	0.1
518.899	0.0571429
517.994	0.114286
517.089	0
516.182	0.0714285
515.277	0.0285715
514.372	0.128571
513.466	0
512.561	0.0714286
511.653	0.142857
510.748	0.0571429
509.842	-0.0285714
508.936	0.142857
508.031	0.1
507.125	0.114286
506.217	0.0142857
505.311	-0.0714286
504.404	0
503.498	-8.82149e-006
502.59	0.0571584
501.683	0.0428668
500.777	0.200005
499.87	0.142859
498.963	0
498.054	0.244022
497.148	0.130899
496.241	0.217777
495.333	0.11894
494.424	0.220105
493.517	0.135554
492.61	0.179575
491.702	0.180738
490.795	0.124759
489.885	0.168782
488.977	0.169946
488.069	0.142539
487.161	0.257988
486.251	0.130584
485.343	0.203177
484.435	0.190055
483.527	0.205506
482.617	0.220959
481.708	0.16498
480.8	0.0947167
479.891	0.153024
478.98	0.268478
478.071	0.2125
477.163	0.127951
476.251	0.129119
475.342	0.115999
474.433	0.231451
473.524	0.246902
472.613	0.205213
471.703	0.220665
470.794	0.221831
469.882	0.280143
468.972	0.295595
468.063	0.239619
467.153	0.255071
466.241	0.327669
465.331	0.157407
464.42	0.230003
463.508	0.288315
462.598	0.360911
461.687	0.319221
460.775	0.263248
459.864	0.0787015
458.953	0.151298
458.041	0.195325
457.13	0.296493
456.219	0.354804
455.306	0.255975
454.395	0
453.483	0.345743
452.57	0.091425
451.658	0.194305
450.747	0.0114687
449.833	0
448.922	0.171009
448.01	0.213447
447.096	0.0415987
446.184	0.126894
445.272	0.0836172
444.358	0.183197
443.445	0.111349
442.533	0.11093
441.619	-0.00377661
440.706	0.295804
439.793	0.195384
438.879	0.0521066
437.966	0.0945441
437.051	0.0798378
436.138	0.0651323
435.225	0.164713
434.31	0.0785775
433.397	0.0924433
432.483	0.234881
431.568	0.0630311
430.654	0.13404
429.739	0.0621902
428.825	0.018913
427.911	0.16135
426.995	0.0323575
426.081	0.046223
425.165	0.0458018
424.251	0.0882387
423.337	0.202104
422.42	0.0588256
421.506	0.0869767
420.589	-0.0277304
419.675	0.143278
418.76	0
417.843	0.0436213
416.928	0.187241
416.011	-0.0405663
415.096	0.117339
414.181	0.0895304
413.264	0.104581
412.348	0.0910577
411.431	0.220394
410.515	0.0782996
409.598	0.136207
408.682	0.13697
407.764	0.0948782
406.848	0.16707
405.932	0.124976
405.014	0.182884
404.098	0.0979335
403.18	0.12727
402.263	0.128034
401.345	0.200228
400.428	0.186706
399.51	0.00175744
398.593	0.145379
397.674	0.146144
396.757	0.161194
395.84	0.0905299
394.921	0.162724
394.004	0.134917
393.085	0.121398
392.167	0.136448
391.248	0.0800714
390.33	0.123693
389.411	0.167317
388.493	0.168082
387.573	0.0688483
386.655	0.198185
385.735	0.184666
384.817	0.0854309
383.897	0.114769
382.978	0.158392
382.058	0.102016
381.14	0.17421
380.219	0.189263
379.3	0.1186
378.38	0.27651
377.461	0.191562
376.54	0.163758
375.621	0.135952
374.7	0.193863
373.78	0.00891438
372.859	0.0668251
371.94	0.081877
371.018	0.211216
370.099	0.211983
369.177	0.198465
368.255	0.070662
367.335	0
366.413	0.244154
365.493	0.116877
364.571	0.146746
363.651	0.233755
362.729	0.27791
361.808	0.150633
360.886	0.109074
359.965	0.253226
359.042	0.16881
358.12	0.170108
357.199	0.328546
356.276	0.301273
355.355	0.331141
354.432	0.261011
353.51	0.162307
352.587	0.0350345
351.663	0.0506194
350.742	0.280487
349.818	0.181787
348.897	0.22594
347.973	0.22724
347.051	0.299966
346.127	0.172694
345.203	0.216851
344.281	0.318149
343.356	0.34802
342.434	0.206461
341.51	0.264904
340.585	0.237634
339.663	0.267503
338.738	0.211661
337.815	0.255817
336.89	0.157118
335.965	0.129848
335.042	0.245432
334.117	0.232448
333.191	0.290893
332.268	0.120763
331.343	0.236351
330.419	0.151936
329.493	0.267524
328.568	0.225969
327.644	0.198697
326.718	0
325.792	0.314169
324.868	0.271195
323.941	0.19965
323.017	0.299533
322.091	0.399416
321.164	0.285014
320.24	0.34204
319.313	0.313351
318.386	0.284663
317.461	0.327404
316.534	0.327287
315.607	0.384313
314.682	0.284196
313.755	0.355507
312.828	0.183962
311.902	0.269559
310.975	0.369442
310.047	0.283611
309.121	0.240637
308.194	0.34052
307.266	0.18326
306.34	0.297429
305.412	0.311597
304.483	0.325766
303.557	0.297078
302.629	0.182675
301.7	0.253986
300.774	0.411012
299.845	0.425181
298.917	0.253635
297.988	0.296375
297.061	0.253401
296.132	0.310427
295.203	0.438881
294.276	0.224478
293.346	0.295789
292.417	0.409958
291.487	0.324126
290.56	0.352581
289.63	0.352463
288.7	0.352346
287.773	0.266515
286.843	0.466397
285.913	0.423423
284.982	0.194734
284.054	0.237474
283.124	0.323071
282.193	0.380096
281.263	0.237122
280.334	0.337005
279.404	0.379744
278.473	0.379627
277.542	0.27951
276.613	0.293678
275.682	0.307846
274.751	0.350586
273.819	0.364754
272.89	0.32178
271.959	0.393091
271.027	0.278688
270.096	0.349999
269.166	0.392738
268.234	0.235478
267.302	0.406789
266.37	0.306671
265.44	0.392268
264.508	0.477865
263.576	0.406319
262.643	0.491915
261.711	0.420369
260.78	0.277395
259.847	0.520134
258.915	0.305731
257.982	0.319899
257.051	0.59121
256.118	0.405378
255.185	0.476689
254.252	0.490857
253.318	0.51931
252.387	0.490621
251.453	0.576218
250.52	0.404672
249.586	0.561697
248.652	0.518722
247.718	0.675747
246.786	0.632772
245.852	0.589797
244.918	0.532536
243.984	0.675276
243.049	0.746586
242.117	0.689326
241.182	0.746351
240.248	0.603375
239.313	0.503258
238.378	0.60314
237.443	0.788736
236.51	0.688618
235.575	0.745643
234.64	0.916954
233.705	0.659693
232.769	0.716718
231.834	0.602314
230.898	0.602196
229.965	0.830649
229.029	0.80196
228.093	1.01613
227.157	0.858867
226.221	0.830177
225.285	0.772916
224.348	0.944227
223.414	0.87268
222.478	0.758276
221.541	0.872444
220.605	0.815183
219.668	0.82935
218.731	0.814946
217.794	0.700543
216.857	0.971853
215.92	0.914592
214.985	0.743045
214.048	0.885784
213.11	0.742809
212.173	0.671262
211.235	0.699715
210.297	0.771025
209.36	0.62805
208.422	0.685074
207.484	0.599241
206.546	0.670552
205.61	0.841862
204.671	0.784601
203.733	0.541625
202.795	0.655793
201.856	0.498531
200.918	0.655556
199.979	0.641152
199.04	0.698176
198.101	0.640915
197.162	0.540796
196.223	0.812106
195.284	0.740559
194.345	0.626155
193.407	0.797465
192.468	0.697347
191.528	0.682943
190.589	0.79711
189.649	0.782706
188.709	0.725444
187.769	0.61104
186.829	0.853778
185.889	0.667945
184.949	0.953541
184.008	0.667708
183.068	0.781875
182.127	0.724614
181.187	0.710209
180.246	0.624376
179.305	0.924258
178.364	0.866996
177.423	0.752591
176.482	0.823901
175.541	0.738068
174.6	0.980807
173.658	0.866402
172.717	0.723426
171.775	0.909022
170.834	0.95176
169.892	0.794498
168.95	0.865808
168.008	1.06569
167.066	0.836999
166.124	0.93688
165.182	1.00819
164.239	1.09379
163.297	1.03652
162.354	0.85069
161.412	1.07914
160.469	1.19331
159.526	1.3789
158.583	1.13593
157.64	1.00724
156.697	1.26426
155.754	1.207
154.811	1.26402
153.867	0.992476
152.924	1.13521
151.98	1.10652
151.037	1.30641
150.093	1.16343
149.149	1.30617
148.205	1.26319
147.261	1.29164
146.317	1.29152
145.373	1.20569
144.428	1.20557
143.484	1.50545
142.539	1.37676
141.595	1.4195
140.65	1.17652
139.705	1.56212
138.76	1.61914
137.813	1.50474
136.868	1.54747
135.923	1.56164
134.977	1.76152
134.032	1.68997
133.087	1.97557
132.141	1.87545
131.195	2.06104
130.25	2.23235
129.304	2.11795
128.358	2.30354
127.412	2.37485
126.466	2.64616
125.517	3.00319
124.571	3.16021
123.624	2.98866
122.678	2.97426
121.731	2.74556
120.784	3.21687
119.838	3.4739
118.891	3.25949
117.944	3.67366
116.997	3.60211
116.047	3.57342
115.1	3.30187
114.152	3.37318
113.205	3.31592
112.257	3.45866
111.31	4.10139
110.362	3.55842
109.414	4.00115
108.464	4.1296
107.516	4.02949
106.568	4.20079
105.619	4.50067
104.671	4.71484
103.723	5.18615
102.774	5.15746
101.825	5.7002
100.874	5.75722
99.9256	6.94281
98.9766	7.45698
98.0276	8.32829
97.0784	9.34245
96.1292	11.2995
95.1799	12.6565
94.2283	13.9278
93.2788	15.542
92.3292	16.9133
91.3795	18.7989
90.4296	21.5273
89.4797	23.2558
88.5276	24.8557
87.5775	26.3127
86.6273	26.7411
85.677	27.0267
84.7266	25.6838
83.774	24.7122
82.8234	23.2407
81.8727	20.8405
80.9219	18.9976
79.971	16.5832
79.0201	14.7545
78.0669	12.7401
77.1157	11.4256
76.1644	10.2541
75.2131	8.95398
74.2616	8.35386
73.3079	7.82517
72.3563	7.18219
71.4045	6.71064
70.4527	6.36767
69.5007	5.99612
68.5466	5.11028
67.5944	5.21016
66.6422	4.62433
65.6899	4.85278
64.7353	4.6098
63.7828	4.12397
62.8302	4.2667
61.8774	3.90944
60.9246	4.18075
59.9696	3.78063
59.0166	3.78051
58.0635	3.6661
57.1103	3.66598
56.1548	3.03729
55.2014	3.05146
54.2479	3.45134
53.2943	2.95122
52.3385	3.26538
51.3847	3.00812
50.4308	2.77943
49.4769	2.86502
48.5206	2.82204
47.5665	2.57906
46.6122	2.63609
45.6578	2.37882
44.7012	2.3787
43.7467	2.62144
42.792	2.36418
41.8351	2.79263
40.8802	2.56393
39.9253	2.72096
38.9702	2.64941
38.013	2.76357
37.0577	2.93488
36.1024	2.83476
35.1469	2.79178
34.1892	2.67738
33.2336	2.94868
32.2779	3.01999
31.3199	2.80559
30.364	2.73404
29.408	3.0482
28.4497	3.06237
27.4935	2.93367
26.5372	2.86212
25.5807	2.83343
24.6221	2.80474
23.6655	2.80462
22.7088	2.63307
21.7498	2.76152
20.7929	2.81854
19.8359	2.96128
18.8767	2.80402
17.9195	3.01818
16.9622	3.0752
16.0026	3.1608
15.0452	2.94639
14.0876	3.14627
13.1277	3.20329
12.17	3.36031
11.2121	4.04591
10.252	4.04578
9.29388	4.70281
8.33571	4.93126
7.37529	5.73114
6.41692	6.15959
5.45845	8.14518
4.49774	12.9736
3.53908	19.0164
2.58032	30.1305
1.61931	78.9733
0.660352	173.359
-0.2987	157.744
-1.26001	79.93
-2.21925	50.9585
-3.18076	34.9584
-4.1402	14.6297
-5.09974	5.20099
-6.06154	3.51515
-7.02128	4.45789
-7.98112	4.45777
-8.94321	4.38622
-9.90324	4.22896
-10.8655	3.88598
-11.8258	3.85728
-12.7861	3.22859
-13.7487	3.45704
-14.7092	2.91406
-15.6698	2.97109
-16.6327	2.55668
-17.5935	2.97084
-18.5566	2.57072
-19.5176	2.64203
-20.4787	2.35619
-21.4421	2.48464
-22.4034	2.49881
-23.367	2.95583
-24.3285	2.36999
-25.2922	2.42701
-26.2539	2.25546
-27.2157	2.82677
-28.1798	2.55522
-29.1418	2.46939
-30.1061	2.38355
-31.0683	2.32629
-32.0306	2.52616
-32.9951	2.29747
-33.9576	2.61164
-34.9224	2.65437
-35.885	2.49711
-36.85	2.53984
-37.8129	2.26829
-38.778	2.3396
-39.7411	2.29662
-40.7043	2.08221
-41.6697	2.25352
-42.6331	1.96768
-43.5988	2.18185
-44.5623	2.19601
-45.5282	1.92446
-46.4919	2.33862
-47.458	2.26707
-48.422	2.13838
-49.3882	2.20969
-50.3524	2.081
-51.3166	2.36659
-52.2832	2.59504
-53.2476	2.25206
-54.2144	2.52336
-55.179	2.45181
-56.1459	2.50884
-57.1108	2.55157
-58.0779	2.60859
-59.043	2.90847
-60.0103	3.10835
-60.9756	3.02251
-61.9431	3.09382
-62.9086	3.22227
-63.8763	3.365
-64.8419	3.43631
-65.8098	3.63619
-66.7757	3.87892
-67.7438	4.05023
-68.7099	3.96439
-69.6782	4.2357
-70.6444	4.32129
-71.6129	4.53546
-72.5794	4.86391
-73.5481	5.66378
-74.5147	5.70652
-75.4837	6.34925
-76.4505	7.42056
-77.4196	7.53472
-78.3867	8.97746
-79.356	10.5488
-80.3232	11.3344
-81.2927	12.6771
-82.2602	14.1484
-83.2299	15.1768
-84.1997	16.8053
-85.1674	17.9766
-86.1374	17.9336
-87.1053	18.1764
-88.0756	16.962
-89.0437	16.5333
-90.0141	14.6617
-90.9824	13.5044
-91.953	11.8043
-92.9216	10.9899
-93.8924	9.2755
-94.8633	8.50395
-95.8321	7.60383
-96.8032	6.57513
-97.7722	5.60358
-98.7435	5.2606
-99.7128	4.53191
-100.684	3.97464
-101.656	3.54595
-102.625	3.23154
-103.597	3.00285
-104.567	2.68844
-105.539	2.8026
-106.509	2.64534
-107.481	2.60236
-108.453	2.51652
-109.424	2.17354
-110.396	2.00199
-111.367	2.13044
-112.339	2.17317
-113.312	2.10162
-114.283	1.91579
-115.256	2.15852
-116.227	1.88697
-117.2	1.94399
-118.173	1.85815
-119.144	1.91517
-120.118	1.88648
-121.089	1.92921
-122.063	1.74338
-123.037	1.5004
-124.009	1.7717
-124.983	1.68586
-125.954	1.60003
-126.929	1.47133
-127.903	1.35692
-128.875	1.09966
-129.85	0.942393
-130.824	1.18513
-131.797	1.085
-132.772	1.05631
-133.747	0.970473
-134.719	1.01321
-135.694	0.913084
-136.668	0.970104
-137.643	0.669981
-138.618	0.955572
-139.592	0.798307
-140.567	0.812469
-141.543	1.0552
-142.516	0.655081
-143.492	0.8121
-144.468	0.783406
-145.442	0.683283
-146.419	0.726017
-147.395	0.683037
-148.369	0.654342
-149.346	0.554219
-150.322	0.654096
-151.297	0.525401
-152.274	0.639564
-153.25	0.796584
-154.225	0.59646
-155.202	0.596337
-156.18	0.567642
-157.155	0.453234
-158.132	0.738825
-159.11	0.681558
-160.085	0.56715
-161.063	0.695598
-162.041	0.50976
-163.019	0.609637
-163.994	0.552371
-164.973	0.537962
-165.951	0.537838
-166.927	0.509143
-167.905	0.50902
-168.884	0.508897
-169.863	0.380202
-170.839	0.622936
-171.818	0.537098
-172.797	0.508403
-173.774	0.365422
-174.753	0.479585
-175.732	0.422318
-176.711	0.450766
-177.689	0.364929
-178.668	0.407662
-179.648	0.421824
-180.625	0.178844
-181.605	0.235863
-182.585	0.321454
-183.565	0.32133
-184.543	0.178349
-185.523	0.249654
-186.504	0.235245
-187.484	0.363693
-188.463	0.363569
-189.443	0.320588
-190.424	0.206179
-191.405	0.506055
-192.384	0.291646
-193.365	0.320094
-194.346	0.31997
-195.327	0.30556
-196.306	0.334008
-197.288	0.24817
-198.269	0.348046
-199.251	0.205065
-200.231	0.333513
-201.212	0.290532
-202.194	0.261837
-203.176	0.290284
-204.159	0.347303
-205.139	0.247179
-206.121	0.318484
-207.104	0.389789
-208.086	0.232522
-209.069	0.460969
-210.049	0.132274
-211.032	0.346436
-212.015	0.232026
-212.998	0.360473
-213.979	0.303207
-214.963	0.288797
-215.946	0.43153
-216.93	0.302834
-217.913	0.259853
-218.897	0.374015
-219.878	0.331034
-220.862	0.359481
-221.846	0.2165
-222.83	0.487804
-223.815	0.401966
-224.797	0.344699
-225.781	0.201718
-226.766	0.258736
-227.75	0.330041
-228.735	0.329916
-229.72	0.158364
-230.703	0.215382
-231.688	0.429544
-232.673	0.172277
-233.658	0.357867
-234.643	0.429171
-235.629	0.271904
-236.612	0.400351
-237.598	0.35737
-238.583	0.300102
-239.569	0.257121
-240.555	0.214139
-241.541	0.256872
-242.525	0.099605
-243.511	0.328052
-244.498	0.313642
-245.484	0.113517
-246.471	0.270536
-247.457	0.0418398
-248.444	0.22743
-249.431	0.198734
-250.416	0.212895
-251.403	0.0984849
-252.39	0.326932
-253.377	0.126807
-254.365	0.155254
-255.352	0.126558
-256.34	0.0835763
-257.327	0.183452
-258.313	0.226184
-259.301	0.211774
-260.289	0.083078
-261.277	0.0829533
-262.265	0.225686
-263.253	0.168418
-264.242	0.125436
-265.23	0.139597
-266.219	0.239473
-267.205	0.182205
-268.194	0.182081
-269.183	0.210527
-270.172	0.238974
-271.161	0.238849
-272.151	0.195867
-273.14	0.152885
-274.129	0.124189
-275.119	0.152635
-276.108	0.152511
-277.098	0.0952428
-278.088	0.137975
-279.076	0.166422
-280.066	0.180583
-281.056	0.151886
-282.046	0.0660471
-283.036	0.137351
-284.027	0.151511
-285.017	0.237101
-286.008	0.136976
-286.999	0.122565
-287.99	0.236726
-288.981	0.150886
-289.972	0.150761
-290.963	0.0934935
-291.954	0.0362256
-292.946	0.0932433
-293.937	0.0359753
-294.929	0.0787074
-295.92	0.0785823
-296.91	0.149886
-297.902	0.106904
-298.894	0.221064
-299.886	0.135225
-300.878	0.0922424
-301.87	0.134974
-302.863	0.120563
-303.855	0.0632954
-304.848	0.0917416
-305.841	0.0630449
-306.834	0.091491
-307.826	0.162794
-308.819	0.119812
-309.813	0.0911151
-310.806	0.19099
-311.799	-0.0234212
-312.793	0.119311
-313.786	0.190614
-314.78	0.104774
-315.774	0.0760773
-316.767	0.075952
-317.761	0.0758265
-318.755	0.0899868
-319.75	0.16129
-320.744	0.104022
-321.738	0.061039
-322.733	0.0466278
-323.727	0.0750737
-324.722	0.160663
-325.717	0.11768
-326.712	0.0604115
-327.707	0.188857
-328.702	0.00301751
-329.697	0.0457491
-330.692	0.0884807
-331.688	0.159784
-332.683	0.173944
-333.679	0.0452467
-334.674	0.0879782
-335.67	0.0735669
-336.666	0.116298
-337.662	0.0876012
-338.661	0.244618
-339.657	0.0730639
-340.653	0.215795
-341.65	0.129955
-342.646	0.0441152
-343.643	0.158275
-344.64	0.129578
-345.636	0.0580236
-346.633	0.000755042
-347.631	0.0292007
-348.628	0.0576463
-349.625	0.0718061
-350.622	0.200252
-351.62	0.0715544
-352.617	0
-353.615	0.0740196
-354.613	0.105182
-355.613	0.00777942
-356.611	0.167514
-357.609	0.0415345
-358.607	0.115555
-359.606	0.0895765
-360.604	0.0921693
-361.603	0.166191
-362.601	0.140213
-363.6	0.0570922
-364.599	0.131115
-365.598	0.133709
-366.597	0.164875
-367.598	0.167475
-368.597	0.0986417
-369.597	0.0869512
-370.596	0.175261
-371.596	0.163571
-372.595	0.109024
-373.595	0.111621
-374.595	0.27136
-375.595	0.0882426
-376.595	0.076554
-377.598	0.222014
-378.598	0.110326
-379.598	0.112924
-380.599	0.115523
-381.599	0.203835
-382.6	0.206434
-383.601	0.223319
-384.602	0.168775
-385.605	0.142809
-386.606	0.216838
-387.608	0.219438
-388.609	0.179181
-389.61	0.224639
-390.612	0.112954
-391.614	0.172698
-392.618	0.103877
-393.619	0.13505
-394.621	0.123366
-395.623	0.168826
-396.626	0
-397.628	0.192864
-398.63	0.257156
-399.635	0.0642889
-400.638	0.157151
-401.64	0.192869
-402.643	0.200016
-403.646	0.235733
-404.649	0.157163
-405.654	0.13572
-406.658	0.114291
-407.661	0.00714833
-408.664	0.128576
-409.668	0.0928596
-410.672	0
-411.678	0.0709523
-412.682	0.070477
-413.685	0.14143
-414.69	0.0980978
-415.694	0.0976224
-416.7	0.0114315
-417.705	0.139527
-418.709	0.0676233
-419.714	0.138576
-420.718	0.0952435
-421.723	0.0947677
-422.73	0.108577
-423.735	0.122386
-424.741	0.0361963
-425.746	0.0500062
-426.753	0.0209577
-427.759	0.0633388
-428.764	0.0771485
-429.77	0.0338152
-430.776	0.204768
-431.784	0.00429034
-432.79	0.0895284
-433.796	0.131909
-434.802	-0.0399958
-435.808	0.216671
-436.817	0.273336
-437.823	0.115717
-438.83	0.0580972
-439.837	0.129049
-440.846	0
-441.853	0.0591824
-442.86	0.0612222
-443.867	-0.0653093
-444.876	-0.120407
-445.884	0.0673472
-446.891	0.126531
-447.899	0
-448.908	0.143698
-449.916	0.158823
-450.924	0.0310908
-451.932	0.0747873
-452.942	0.0184858
-453.951	0.0621824
-454.959	0.177308
-455.967	-0.00756687
-456.978	0.0789891
-457.987	0.236972
-458.995	0.10924
-460.004	0.0957947
-461.015	-0.0319347
-462.024	0.0689055
-463.033	0.05546
-464.043	0.0848719
-465.054	0
-466.064	0.157143
-467.073	0.0285714
-468.085	0.0571428
-469.095	0.128571
-470.105	0.1
-471.115	0.114286
-472.127	0.0714286
-473.137	0.0285714
-474.148	0.128571
-475.16	0
-476.171	0.0864274
-477.181	0.0299977
-478.192	0.0735681
-479.205	0.174283
-480.216	0.146425
-481.227	-0.0100044
-482.241	0.0621392
-483.252	0.0485672
-484.263	0.192138
-485.277	0.221425
-486.288	0.122139
-487.3	0.0942812
-488.314	0.137854
-489.326	0.109996
-490.338	0.153568
-491.352	0.139998
-492.365	0.0692836
-493.377	0.198569
-494.392	0.142143
-495.404	0
-496.417	0.158501
-497.432	0.074148
-498.445	0.089792
-499.458	-0.0517066
-500.473	0.178227
-501.486	0.208157
-502.499	0.0809443
-503.515	0.153735
-504.529	0.197951
-505.542	0.0850251
-506.558	0.0292448
-507.572	0.130605
-508.586	0.174821
-509.602	0.0904701
-510.616	0.0918303
-511.63	0.0931906
-512.647	0.123125
-513.661	-0.00408554
-514.678	0.22585
-515.693	0.112925
-516.708	0
-517.725	0.156428
-518.74	0.14143
-519.755	0.0978594
-520.772	0.0971447
-521.788	0.110717
-522.805	0.0814308
-523.821	0.0950031
-524.836	0.137147
-525.854	0.0935745
-526.87	0.16429
-527.888	0.149289
-528.905	0.105718
-529.921	0.147861
-530.939	0.118574
-531.956	0.103574
-532.972	0.131432
-533.991	0.0592873
-535.008	0.0585731
-536.027	0.129286
-537.044	0
-538.063	0.140658
-539.08	0.181321
-540.097	0.0934119
-541.117	0.0626408
-542.134	0.117589
-543.154	0.00110257
-544.172	0.284621
-545.19	0.139568
-546.21	0.208796
-547.228	0.1066
-548.248	0.13297
-549.266	0.0307733
-550.287	0
-551.305	0.026194
-552.324	0.0238164
-553.345	0.0642905
-554.363	0.0476266
-555.384	0.0881
-556.403	0.0857214
-557.425	-0.0452342
-558.444	0.0666724
-559.465	0.178573
-560.485	0.0761939
-561.504	0.0309568
-562.526	0
-563.546	0.00149924
-564.568	0.0458591
-565.588	0.133073
-566.61	0.163147
-567.63	0.0932188
-568.653	0.109008
-569.673	0.0533652
-570.696	0.169155
-571.716	0.0849408
-572.739	0.0293019
-573.76	0.0308027
-574.781	0.0894465
-575.804	0.176665
-576.825	0.0495952
-577.849	0.0511001
-578.87	0.109745
-579.894	0.225535
-580.915	0.112752
-581.939	0.114257
-582.961	0.0871878
-583.985	0.145837
-585.007	0.290196
-586.031	0.205988
-587.054	0.050348
-588.078	0.180426
-589.101	0.081929
-590.125	0.0262929
-591.148	0.099225
-592.173	0.129303
-593.196	0.145093
-594.221	0.160886
-595.244	0.119533
-596.269	0.0781836
-597.293	0.122545
-598.318	0.0669103
-599.342	0.111272
-600.368	0.112781
-601.391	0
-602.417	0.026191
-603.441	0.195244
-604.468	0.121435
-605.494	0.147625
-606.518	0.0881057
-607.545	0.114295
-608.569	0.14049
-609.596	0.0381078
-610.621	0.107159
-611.648	0.0904908
-612.673	0.0738273
-613.7	0.128587
-614.725	0.111923
-615.753	0.123825
-616.778	0.107161
-617.806	0.104776
-618.833	0.0309631
-619.859	0.0428694
-620.887	0.0976273
-621.913	0.195247
-622.941	-0.0642811
-623.967	0.0761955
-624.996	0.0309525
-626.022	0
-627.051	0.0723811
-628.08	0.101905
-629.106	0.102856
-630.135	0.0752372
-631.162	0.133331
-632.191	0.14857
-633.218	0.0495206
-634.248	0.00761667
-635.277	0.051427
-636.305	0.023807
-637.335	-0.00381088
-638.362	0.139998
-639.392	0.0980944
-640.422	0.12762
-641.45	0
-642.48	0.128571
-643.509	0.2
-644.539	0.157143
-645.57	0.0714286
-646.598	0.114286
-647.629	0.114286
-648.658	0.0857143
-649.689	-0.0428571
-650.72	-2.98023e-008
-651.749	0.0571429
-652.781	0.185714
-653.81	0.0714286
-654.841	0
-655.873	-0.0111101
-656.903	0.0349159
-657.935	0.0809494
-658.964	0.084119
-659.997	0.0872959
-661.029	0.0333303
-662.059	0.136501
-663.092	0.0111075
-664.124	0
-665.155	0.153254
-666.187	0.0922138
-667.22	0.131173
-668.251	0.17014
-669.284	0.194813
-670.315	0.0194937
-671.349	0.12988
-672.382	-0.0168775
-673.414	0.0649449
-674.447	0.0753298
-675.481	0
-676.513	0.0142857
-677.547	0.0428571
-678.581	0.0285714
-679.613	0.0428571
-680.647	0.114286
-681.682	0.0428571
-682.714	0.157143
-683.749	-0.0571429
-684.784	-0.0285715
-685.816	2.98023e-008
-686.851	0.114286
-687.886	0.0857142
-688.919	0.0285714
-689.955	0.185714
-690.99	0.0571429
-692.023	0.0428571
-693.059	0.142857
-694.095	0.1
-695.129	0.0714286
-696.165	0.0571429
-697.201	0.1
-698.235	0
-699.271	0.0142857
-700.307	0.114286
-701.344	0.0428571
-702.378	0.0714285
-703.415	0.128571
-704.452	0.0142857
-705.487	2.98023e-008
-706.524	0.0857143
-707.561	0.142857
-708.596	0.0571429
-709.634	-0.0857143
-710.671	0.0857144
-711.709	0.0571429
-712.744	0.0285715
-713.782	0
-714.82	0.0428571
-715.856	0.0571428
-716.894	0.142857
-717.933	0.0857143
-718.971	-0.0571429
-720.007	0.114286
-721.046	0.114286
-722.085	0.185714
-723.121	0.0142858
-724.16	0.0142857
-725.2	0.128571
-726.239	0.185714
-727.276	0.0857143
-728.315	0.0857143
-729.355	0.0428571
-730.395	0.1
-731.432	0.142857
-732.472	0
-733.512	0.0142857
-734.552	0.0285714
-735.59	0
-736.63	0.1
-737.671	-2.98023e-008
-738.711	0.0857143
-739.75	0.2
-740.79	0.171429
-741.831	0.142857
-742.871	-0.0285714
-743.912	0.171429
-744.953	0.1
-745.994	0.0285715
-747.035	0.1
-748.075	0.142857
-749.117	0
-750.158	0.0857143
-751.2	0.0428571
-752.24	0.128571
-753.283	0
-754.324	0.228571
-755.366	0.0428571
-756.408	0
-757.45	0.1
-758.492	0.142857
-759.534	0.0857143
-760.577	0.114286
-761.62	0.142857
-762.662	0.1
-763.705	0.114286
-764.747	0.128571
-765.791	0.1
-766.834	0.128571
-767.877	0.0857143
-768.921	-0.114286
-769.963	0
-771.007	0.238095
-772.051	0.133334
-773.094	-0.0571521
-774.139	0.180946
-775.183	0.0333303
-776.227	0.0857052
-777.271	0.0809489
-778.316	0.104765
-779.36	0
-780.405	0.0485729
-781.449	0.0685823
-782.494	0.202868
-783.539	-0.0914192
-784.584	0.100016
-785.629	0.0485846
-786.675	0.0971515
-787.719	0.160013
-788.765	0.108579
-789.811	0
-790.857	0.00408149
-791.903	0.0795878
-792.949	0.0693845
-793.995	0.0591817
-795.041	0.0204034
-796.087	0.167344
-797.134	0
-798.18	0.212928
-799.227	0.0829966
-800.274	0.0530654
-801.321	0.151705
-802.368	0.164633
-803.415	0.0204151
-804.463	0.0333405
-805.51	0.0748371
-806.557	0.0591922
-807.605	0.12926
-808.653	0.0278989
-809.701	-0.0734622
-810.748	0.182321
-811.796	0.109531
-812.845	0.0367409
-813.893	0.0639505
-814.941	0.0911616
-815.99	0.0755139
-817.039	-0.040134
-818.088	0.0727895
-819.136	0
-820.185	0.158163
-821.234	0.0877541
-822.284	0.188774
-823.333	0.10408
-824.382	0.0765278
-825.432	0.00611967
-826.482	0.0785688
-827.532	0.0653037
-828.582	0.037753
-829.631	0.110201
-830.681	0.0112222
-831.732	0.112243
-832.783	0.156122
-833.833	0
-834.884	0.0602023
-835.934	0.0489732
-836.985	0.166319
-838.036	0.140808
-839.087	0.115298
-840.139	0.175502
-841.19	-0.00715092
-842.242	0.138768
-843.292	0.213255
-844.344	0.059175
-845.396	0.162238
-846.448	0.122444
-847.5	0.054079
-848.553	0
-849.605	0.140744
-850.658	0.110058
-851.709	0.150804
-852.762	0.177261
-853.815	0.103718
-854.868	0.0444601
-855.921	0.0566308
-856.974	0.14023
-858.027	0.180972
-859.081	0.0359988
-860.134	0.105311
-861.188	0.0889096
-862.241	0.0582242
-863.294	0.156108
-864.348	0.211134
-865.402	0.0518738
-866.457	0.0926136
-867.511	0.147639
-868.565	-0.0116216
-869.62	0.129118
-870.675	0.0555709
-871.729	0.0534525
-872.784	0.108477
-873.839	0.0635008
-874.895	0.175667
-875.95	0.102119
-877.005	0
-878.061	-0.0428571
-879.116	0.0571428
-880.172	0.0285714
-881.228	0.0285714
-882.284	0.0285714
-883.34	0.0857143
-884.396	0.128571
-885.452	0.0857143
-886.508	0.0857143
-887.565	0.0571429
-888.621	0.114286
-889.678	0.0714286
-890.735	0.128571
-891.792	0
-892.849	0.0428571
-893.906	0.128571
-894.963	0.171429
-896.021	0.114286
-897.078	0.0571428
-898.136	0.1
-899.194	0.0714285
-900.251	0.157143
-901.309	0.114286
-902.367	0.0142857
-903.426	0.114286
-904.484	0.1
-905.542	0.0714286
-906.601	0
-907.659	0.0345198
-908.718	0.0118975
-909.777	0.060704
-910.837	0.123804
-911.896	0.0440403
-912.956	-0.0071511
-914.015	0.113087
-915.074	0.0904682
-916.134	0.0964217
-917.194	-0.0261959
-918.253	0.122616
-919.313	0
-920.373	0.19451
-921.435	0.117585
-922.495	0.112094
-923.555	0.192316
-924.616	0.101109
-925.676	0.0813306
-926.737	0.104408
-927.798	0.141771
-928.859	0.0505624
-929.921	0.0164895
-930.982	0.0681365
-932.043	-0.00878873
-933.105	0
-934.166	0.0857143
-935.228	0.0857143
-936.289	0.0428571
-937.352	0.0857143
-938.414	0.0142857
-939.476	-0.0142857
-940.539	0.0285714
-941.601	0.128571
-942.663	-0.0571429
-943.727	0.0571428
-944.79	0.0999999
-945.852	0.0428571
-946.915	0
-947.978	0.101629
-949.042	0.174689
-950.106	-0.0379672
-951.169	0.0779482
-952.232	0.151007
-953.296	0.10978
-954.361	0.0542688
-955.425	0.155899
-956.489	0.143244
-957.553	0.0734464
-958.618	0.175079
-959.682	0.119567
-960.746	0.135484
-961.811	0.0371159
-962.875	0.110176
-963.941	0.097524
-965.006	0.170585
-966.071	0.0865025
-967.136	0.0595635
-968.203	0.118341
-969.268	0.0199733
-970.333	0.135892
-971.4	0.0518125
-972.465	0.124874
-973.531	0.126508
-974.597	0.0424271
-975.664	0.144063
-976.73	0.131411
-977.796	0.118759
-978.864	0.20611
-979.93	0.136316
-980.997	0.0808074
-982.064	0.168157
-983.132	0.155508
-984.198	0
-985.265	0.19908
-986.334	0.183874
-987.401	0.225811
-988.468	0.110605
-989.537	0.0668265
-990.604	0.208763
-991.672	0.236414
-992.741	0.106921
-993.809	0.0917151
-994.877	0.0907944
-995.947	0.23273
-997.015	0.0175231
-998.083	0.116602
-999.153	0.187109
-1000.22	0.057616
-1001.29	0.142409
-1002.36	0.112915
-1003.43	0.0119936
-1004.5	0.0682139
-1005.57	0.124435
-1006.64	0.0949418
-1007.71	0.151162
-1008.78	0.0788112
-1009.85	0.135032
-1010.92	0.0912516
-1011.99	0.176044
-1013.06	0.146549
-1014.13	0.0884833
-1015.2	0.0875608
-1016.27	0.14378
-1017.34	0
-1018.41	0.113534
-1019.48	0.0984976
-1020.56	0.226318
-1021.63	-0.0172909
-1022.7	0.153387
-1023.77	0.181206
-1024.84	0.109026
-1025.91	0.0511312
-1026.99	0.107523
-1028.06	0.349627
-1029.13	0.0631616
-1030.2	-0.00901857
-1031.28	-0.0240569
-1032.35	0.089477
-1033.42	0.145867
-1034.49	0.0594009
-1035.57	0.0443623
-1036.64	0.14361
-1037.71	0
