932.418	1.26468
931.556	-1.49012e-008
930.693	0.79246
929.831	0.470632
928.968	0.334515
928.105	0.212683
927.241	0.419371
926.378	0.21182
925.515	0.332839
924.652	0.282426
923.788	0.332011
922.925	0.138738
922.062	0.159749
921.199	0.109328
920.335	0.230333
919.471	0.122765
918.606	0.229431
917.742	0.136146
916.878	0
916.014	0.158789
915.15	0.0175775
914.286	0.047795
913.422	0.0494412
912.558	-0.0489123
911.692	0.0813094
910.827	0.0543847
909.963	0.084603
909.098	0.043393
908.234	0.102183
907.369	0.0324017
906.504	0.0911923
905.637	0.178558
904.772	0.137349
903.907	0.138997
903.042	0.140645
902.177	0.170865
901.311	0.186799
900.444	0.0884512
899.578	0.0472429
898.713	0.177463
897.847	0.0791123
896.982	0.0807616
896.116	0.182411
895.248	0.141207
894.382	0
893.516	0.171009
892.65	0.0563043
891.783	0.0844564
890.915	0.084036
890.049	0.126474
889.182	0.183197
888.315	0.182778
887.449	0.0966437
886.58	0.153366
885.713	0.181518
884.846	0.195384
883.979	0.10925
883.112	0.0659729
882.243	0.122695
881.376	0.136561
880.509	0.193284
879.641	0.00714973
878.772	0.149586
877.904	0.120594
877.036	0.0487459
876.169	0.0911829
875.299	0.233619
874.431	0.104627
873.563	0.175636
872.695	-0.0533559
871.825	0.131937
870.956	0.102945
870.088	0.102525
869.22	0.0878189
868.349	0.0731118
867.481	0.129834
866.612	0.0865565
865.743	0.100422
864.872	0
864.003	0.112146
863.134	0.0957206
862.265	0.179295
861.394	0.0771495
860.525	0.132152
859.655	0.158583
858.784	-0.0578489
857.914	0.125724
857.045	0.0664401
856.175	0.0785843
855.303	0.0621519
854.434	0.0885814
853.564	-0.0564179
852.692	0.084292
851.821	0.125007
850.951	-0.0628504
850.081	0.0064351
849.209	0.0185729
848.338	0.102144
847.468	0
846.595	0.0439154
845.724	0.0449716
844.854	0.00317061
843.981	0.218515
843.11	0.00528571
842.239	0.00634217
841.366	0.164544
840.494	0.0227436
839.623	0.095229
838.75	0.153431
837.878	0.0830596
837.007	0.0412596
836.133	0.0566049
835.261	0.129091
834.39	0.230148
833.516	0.288351
832.644	0.160837
831.772	0.190466
830.898	0.0629551
830.025	0.064013
829.151	0.250788
828.279	0.094703
827.406	0.224333
826.532	0.0253933
825.659	0.0693089
824.786	0.0560818
823.911	0
823.038	0.101188
822.163	0.188093
821.29	0.117853
820.417	0.0476127
819.542	0.148804
818.669	0.135707
817.793	0.108327
816.92	0.152373
816.046	0.12499
815.17	0.0547534
814.297	0.084514
813.421	0.157135
812.547	0.129753
811.673	0.145228
810.797	0.117849
809.923	0.190467
809.046	-0.00834048
808.172	0.0499924
807.298	0.108325
806.421	0.023804
805.547	0.182137
804.67	-0.00238386
803.795	0.15595
802.918	0
802.043	0.269846
801.168	0.0539769
800.291	0.0952471
799.416	0.193664
798.539	0.134934
797.663	0.13335
796.786	0.146048
795.91	0.0301788
795.033	0.214305
794.157	0.0984354
793.279	0.139704
792.403	0.223834
791.527	0.122249
790.649	0.206375
789.773	0.061933
788.895	0.131773
788.018	0.144473
787.14	0.100027
786.264	0.0698697
785.385	0.0682802
784.508	0.0666943
783.63	0.165105
782.753	0.19209
781.874	0.147643
780.997	0.088913
780.118	0.0873227
779.241	0.0285929
778.362	0.169859
777.484	0.153986
776.605	0.0523955
775.727	-0.0206206
774.848	0.00635946
773.97	0.0762002
773.09	0.0174659
772.212	0.115878
771.332	0
770.454	0.157713
769.574	0.0154271
768.696	0.0731402
767.816	0.0594259
766.937	0.0885677
766.057	-0.0108607
765.176	0.0897109
764.298	0.0188528
763.417	0.0765674
762.538	-0.0371478
761.657	0.206281
760.778	0.0925661
759.897	0.164567
759.018	0.0794232
758.137	0.151424
757.258	0.0234233
756.376	0.0382813
755.495	-0.0468608
754.615	0.0251389
753.734	0.0828542
752.854	-0.0737176
751.972	0.183998
751.092	0.11314
750.21	0.0994273
749.328	0
748.448	0.0423483
747.566	0.0704098
746.685	0.0413294
745.803	0.0836764
744.92	-0.0311195
744.04	0.0398
743.157	0.182147
742.276	-0.0183624
741.393	0.0811273
740.511	0.0949025
739.63	0.0515361
738.746	0.0367398
737.865	0.179088
736.982	0.0071483
736.099	0.0637805
735.217	0.0489852
734.333	0.119903
733.452	0.033679
732.568	0.190311
731.684	0.118371
730.802	0.117862
729.918	0.0744935
729.034	-0.0117318
728.152	0.0449011
727.268	0.215818
726.386	0.0438797
725.501	0.0290828
724.617	0
723.734	0.0731381
722.85	0.103423
721.965	0.06228
721.082	0.178276
720.197	0.0657043
719.312	0.0817043
718.429	0.0262721
717.544	0.0279868
716.658	0.0868446
715.775	0.0599844
714.89	0.104557
714.004	0.0205576
713.12	0.0651265
712.235	0.209699
711.349	-0.00287056
710.465	0.0416988
709.579	-0.0708708
708.693	0.130846
707.809	0.16113
706.923	0.00570351
706.036	0.0931347
705.15	0.0519947
704.265	0.0537079
703.379	0.169711
702.492	0
701.607	0.0694857
700.721	0.153253
699.834	0.194162
698.949	0.0493616
698.062	0.0474136
697.174	0.0168939
696.287	0.0149455
695.402	0.0844298
694.514	0.0967669
693.627	0.0805321
692.739	0.135726
691.853	0.0337809
690.966	0.046117
690.078	0.187024
689.192	0.0136504
688.304	0.0545574
687.416	0.138322
686.527	0.164942
685.641	0.0915675
684.753	0.175331
683.864	-0.0123344
682.976	0
682.089	0.0717758
681.2	0.100695
680.311	0.1439
679.422	0.115677
678.535	0.0731669
677.646	0.116372
676.757	0.0881487
675.868	0.102783
674.979	0.0459879
674.091	0.103478
673.202	-0.024745
672.312	0.0327461
671.422	0.0473802
670.534	0.162013
669.644	0.0195047
668.755	0.00556737
667.864	0.0773444
666.974	0.177693
666.086	0.106612
665.196	0.0069606
664.305	0.0358806
663.415	0.0648006
662.524	0.0937207
661.636	0.12264
660.745	0.0944174
659.854	0.151909
658.963	0.123686
658.072	0.166892
657.181	0.110098
656.292	0.139018
655.4	0.082224
654.509	0.0540014
653.618	0.140065
652.726	0.0975566
651.836	0.0836192
650.945	0.0268255
650.053	0.14146
649.161	0.013238
648.269	0.0564443
647.377	0.199651
646.485	0
645.595	0.0821171
644.702	0.00711635
643.81	0.0464028
642.917	0.114261
642.025	0.124978
641.132	0.135696
640.239	0.103557
639.348	0.142824
638.455	0.167831
637.562	0.0785525
636.669	0.103561
635.776	0
634.883	0.134068
633.989	0.239564
633.096	0.0593445
632.204	0.222001
631.311	0.0989229
630.417	0.147272
629.523	0.181336
628.629	0.129683
627.735	0.163744
626.841	0.0263764
625.947	0.189007
625.053	0.151637
624.16	0
623.266	0.116254
622.371	0.118222
621.477	-0.00838149
620.582	0.193587
619.687	0.166984
618.792	0.0546673
617.897	0.0566363
617.002	0.130034
616.107	0.132004
615.212	0.0768304
614.316	0.150229
613.421	0.0807701
612.528	0.139879
611.632	0.170421
610.736	0.0866769
609.841	0.0743621
608.945	0.190619
608.049	0.206876
607.153	0.223133
606.257	0.0679613
605.36	0.269933
604.464	0.186191
603.568	0.145306
602.671	0.17585
601.775	0.0635364
600.878	0.00836632
599.981	0.224625
599.084	0.112312
598.188	0
597.291	0.158789
596.393	0.274721
595.496	0.133511
594.599	0.106586
593.702	0.193947
592.804	0.181309
591.907	0.282956
591.009	0.0417465
590.111	0.200537
589.213	0.245042
588.316	0.132404
587.418	0.162624
586.52	0.221415
585.621	0.194492
584.723	0.0675689
583.825	0.197789
582.926	0.228009
582.028	0.35823
581.129	0.174165
580.231	0.2901
579.332	0.163178
578.433	0.121971
577.534	0.152192
576.635	0.0966993
575.736	0.184064
574.837	0
573.937	0.155601
573.038	0.168346
572.138	0.109661
571.239	0.265262
570.339	0.0637197
569.439	0.133606
568.54	0.317778
567.64	0.144807
566.74	0.243264
565.839	0.156007
564.939	0.240178
564.039	0.12435
563.139	0.165663
562.238	0.0641199
561.338	0.176862
560.435	0.218172
559.534	0.145199
558.633	0.157941
557.732	0.21354
556.831	0.154852
555.93	0.210451
555.029	0.308906
554.128	0.135933
553.227	0.262959
552.325	0.218557
551.424	0.202726
550.522	0.215466
549.618	0.199632
548.716	0.169514
547.815	0.167968
546.913	0.180708
546.01	0.164876
545.108	0.0204727
544.206	0.233212
543.304	0.0888081
542.401	0.201547
541.499	0
540.594	0.0385655
539.691	0.162855
538.789	-0.0128564
537.886	0.0400032
536.983	0.23572
536.08	0.0742927
535.177	0.112865
534.273	0.137152
533.368	0.0185713
532.465	0
531.561	0.171429
530.658	0.0285714
529.754	0.0714285
528.85	0.1
527.946	0.142857
527.04	0.0714285
526.136	0.142857
525.232	0.114286
524.328	0.128571
523.424	0.0857143
522.519	0.0428572
521.613	0.0857143
520.708	0
519.803	0.0142857
518.899	0.0571429
517.994	0.1
517.089	0.0428572
516.182	0.0142857
515.277	0
514.372	0.157894
513.466	-0.0127839
512.561	0.230824
511.653	-0.0255659
510.748	0.103757
509.842	0.0616508
508.936	0.148116
508.031	0.220296
507.125	0.121048
506.217	0.150372
505.311	0.00826687
504.404	0.109019
503.498	0.10977
502.59	-0.0180477
501.683	0.0684185
500.777	0.140599
499.87	0.11278
498.963	0.0706747
498.054	0
497.148	0.142857
496.241	0.0285714
495.333	0.157143
494.424	0.142857
493.517	0.142857
492.61	0.128571
491.702	0.0285714
490.795	0.1
489.885	-0.0142857
488.977	0.242857
488.069	0.114286
487.161	0.0285714
486.251	0.2
485.343	0.257143
484.435	0.0285714
483.527	0
482.617	0.273291
481.708	0.20372
480.8	0.219864
479.891	0.121722
478.98	0.109299
478.071	0.154015
477.163	0.213017
476.251	0.0720232
475.342	0.145311
474.433	0.132885
473.524	0.191887
472.613	0.0794657
471.703	0.16704
470.794	0.126043
469.882	0.313622
468.972	0.15834
468.063	0.103058
467.153	0.347776
466.241	0.149641
465.331	0.280074
464.42	0.239078
463.508	0.183801
462.598	0.199949
461.687	0.27324
460.775	0.146535
459.864	0.276968
458.953	0.15026
458.041	0.323555
457.13	0.196847
456.219	0.141567
455.306	0.214863
454.395	0.216727
453.483	0.161448
452.57	0.206173
451.658	0.136609
450.747	0.195616
449.833	0.183199
448.922	0.113635
448.01	0.244071
447.096	0.0173688
446.184	0.219234
445.272	0.106814
444.358	0.165826
443.445	0.0676922
442.533	0.19813
441.619	0
440.706	0.140078
439.793	0.137298
438.879	0.191655
437.966	0.0888742
437.051	0.186087
436.138	0.254735
435.225	0.123383
434.31	0.263452
433.397	0.174956
432.483	0.143603
431.568	0.197957
430.654	0.138032
429.739	0.263814
428.825	0.218174
427.911	0.158248
426.995	0.126886
426.081	0.324102
425.165	0.121312
424.251	0.104242
423.337	0.215743
422.42	0.127237
421.506	0.110166
420.589	0.207374
419.675	0.218874
418.76	0.258945
417.843	0.156153
416.928	0.124795
416.011	0.136287
415.096	0.0192141
414.181	0.130712
413.264	0.113633
412.348	0.082273
411.431	0.00804988
410.515	0.219547
409.598	0.0881803
408.682	0.142534
407.764	0.0397383
406.848	0.0369485
405.932	0.191301
405.014	0.0170763
404.098	0
403.18	0.114286
402.263	0.0285714
401.345	0.214286
400.428	0.0714285
399.51	0.142857
398.593	0.0857143
397.674	0.128571
396.757	0.114286
395.84	0.0571429
394.921	0.128571
394.004	0.1
393.085	0.157143
392.167	0.0714285
391.248	0.242857
390.33	0.171429
389.411	0.157143
388.493	0.0571429
387.573	0.0571429
386.655	0.157143
385.735	0.157143
384.817	-0.0857143
383.897	-2.98023e-008
382.978	0.171429
382.058	0.128571
381.14	0.157143
380.219	0.157143
379.3	0.0714285
378.38	0.185714
377.461	0.2
376.54	0.142857
375.621	0.1
374.7	0.128571
373.78	0.185714
372.859	0.1
371.94	0.128571
371.018	0.0714285
370.099	0.157143
369.177	0.2
368.255	0.128571
367.335	0.171429
366.413	0.128571
365.493	0.0714285
364.571	0.328571
363.651	0.171429
362.729	0.185714
361.808	0.214286
360.886	0.142857
359.965	0.171429
359.042	0.242857
358.12	0.0857143
357.199	0.157143
356.276	0.271429
355.355	0.214286
354.432	0.171429
353.51	0.142857
352.587	0.114286
351.663	0.242857
350.742	0.0142857
349.818	0.185714
348.897	0.0714286
347.973	0.0428571
347.051	0.214286
346.127	0.2
345.203	0.2
344.281	0.114286
343.356	0.142857
342.434	0.242857
341.51	0.185714
340.585	0.171429
339.663	0.242857
338.738	2.98023e-008
337.815	0.271429
336.89	0.0714285
335.965	0.157143
335.042	0.185714
334.117	0.214286
333.191	0.114286
332.268	0.185714
331.343	0.314286
330.419	0.1
329.493	0.114286
328.568	0.157143
327.644	0.171429
326.718	0.114286
325.792	0.157143
324.868	0.157143
323.941	0.214286
323.017	0.214286
322.091	0.3
321.164	0.171429
320.24	0.257143
319.313	0.114286
318.386	0.185714
317.461	0.0428571
316.534	0
315.607	0.128571
314.682	0.171429
313.755	0.142857
312.828	0.128571
311.902	0.0571429
310.975	0
310.047	0.214286
309.121	0.214286
308.194	0.2
307.266	0.142857
306.34	0.185714
305.412	0.128571
304.483	0.314286
303.557	0.228571
302.629	0.171429
301.7	0.385714
300.774	0.2
299.845	0.214286
298.917	0.142857
297.988	0.271429
297.061	0.185714
296.132	0.242857
295.203	0.242857
294.276	0.185714
293.346	0.257143
292.417	0.2
291.487	0.2
290.56	0.2
289.63	0.128571
288.7	0.228571
287.773	0.257143
286.843	0.285714
285.913	0.214286
284.982	0.271429
284.054	0.214286
283.124	0.271429
282.193	0.271429
281.263	0.214286
280.334	0.285714
279.404	0.385714
278.473	0.3
277.542	0.271429
276.613	0.285714
275.682	0.3
274.751	0.3
273.819	0.285714
272.89	0.185714
271.959	0.342857
271.027	0.185714
270.096	0.328571
269.166	0.342857
268.234	0.114286
267.302	0.271429
266.37	0.3
265.44	0.342857
264.508	0.242857
263.576	0.271429
262.643	0.3
261.711	0.371429
260.78	0.385714
259.847	0.185714
258.915	0.371429
257.982	0.314286
257.051	0.414286
256.118	0.214286
255.185	0.271429
254.252	0.4
253.318	0.471429
252.387	0.414286
251.453	0.385714
250.52	0.4
249.586	0.428571
248.652	0.342857
247.718	0.457143
246.786	0.457143
245.852	0.471429
244.918	0.471429
243.984	0.542857
243.049	0.357143
242.117	0.485714
241.182	0.457143
240.248	0.528571
239.313	0.685714
238.378	0.514286
237.443	0.428571
236.51	0.728571
235.575	0.457143
234.64	0.685714
233.705	0.814286
232.769	0.671429
231.834	0.685714
230.898	0.742857
229.965	0.771428
229.029	0.742857
228.093	0.771428
227.157	0.757143
226.221	0.714286
225.285	0.885714
224.348	0.657143
223.414	0.714286
222.478	0.528571
221.541	0.7
220.605	0.871428
219.668	0.771428
218.731	0.685714
217.794	0.571429
216.857	0.742857
215.92	0.571429
214.985	0.828571
214.048	0.571429
213.11	0.728571
212.173	0.7
211.235	0.7
210.297	0.728571
209.36	0.8
208.422	0.871428
207.484	0.614286
206.546	0.685714
205.61	0.542857
204.671	0.7
203.733	0.728571
202.795	0.642857
201.856	0.542857
200.918	0.557143
199.979	0.571429
199.04	0.557143
198.101	0.628571
197.162	0.485714
196.223	0.642857
195.284	0.4
194.345	0.657143
193.407	0.585714
192.468	0.571429
191.528	0.328571
190.589	0.685714
189.649	0.557143
188.709	0.528571
187.769	0.671429
186.829	0.671429
185.889	0.5
184.949	0.5
184.008	0.671428
183.068	0.685714
182.127	0.685714
181.187	0.685714
180.246	0.7
179.305	0.571429
178.364	0.757143
177.423	0.871429
176.482	0.9
175.541	0.714286
174.6	0.571429
173.658	0.742857
172.717	0.871429
171.775	0.742857
170.834	1.04286
169.892	0.814286
168.95	1.01429
168.008	0.971429
167.066	0.785714
166.124	0.942857
165.182	0.871429
164.239	0.971429
163.297	0.814286
162.354	1.02857
161.412	1.02857
160.469	1
159.526	1.2
158.583	1.02857
157.64	1.11429
156.697	0.942857
155.754	1.04286
154.811	1.12857
153.867	1.08571
152.924	1.21429
151.98	1.14286
151.037	1.18571
150.093	1.1
149.149	1.15714
148.205	1.27143
147.261	1.51429
146.317	1
145.373	1.32857
144.428	1.27143
143.484	1.22857
142.539	1.24286
141.595	1.41429
140.65	1.17143
139.705	1.42857
138.76	1.32857
137.813	1.47143
136.868	1.61429
135.923	1.42857
134.977	1.77143
134.032	1.67143
133.087	1.92857
132.141	1.71429
131.195	2.02857
130.25	1.97143
129.304	1.87143
128.358	2.04286
127.412	2.55714
126.466	2.5
125.517	2.68571
124.571	2.52857
123.624	2.6
122.678	2.78571
121.731	3.01429
120.784	2.95714
119.838	3.17143
118.891	3.07143
117.944	3.17143
116.997	3.02857
116.047	3.18571
115.1	3.47143
114.152	3.51429
113.205	3.27143
112.257	3.18571
111.31	3.62857
110.362	3.51429
109.414	3.72857
108.464	3.94286
107.516	3.77143
106.568	4.07143
105.619	4.34286
104.671	4.51429
103.723	4.77143
102.774	5.4
101.825	5.42857
100.874	6.47143
99.9256	6.61429
98.9766	7.8
98.0276	8.52857
97.0784	9.05714
96.1292	10.7714
95.1799	12.3286
94.2283	14.1429
93.2788	16.1429
92.3292	16.9571
91.3795	18.7429
90.4296	20.8429
89.4797	22.7429
88.5276	23.9286
87.5775	25.3
86.6273	26.6857
85.677	26.6714
84.7266	24.8143
83.774	24.1
82.8234	22.4286
81.8727	19.8714
80.9219	18.0857
79.971	16.1
79.0201	14.5429
78.0669	12.5
77.1157	11.3857
76.1644	9.94286
75.2131	9.62857
74.2616	8.4
73.3079	7.62857
72.3563	7.14286
71.4045	6.02857
70.4527	6.18571
69.5007	5.6
68.5466	5.31429
67.5944	5.34286
66.6422	4.94286
65.6899	4.6
64.7353	4.94286
63.7828	4.1
62.8302	3.95714
61.8774	3.72857
60.9246	3.68571
59.9696	4.1
59.0166	3.71429
58.0635	3.88571
57.1103	3.11429
56.1548	3.11429
55.2014	3.38571
54.2479	3.02857
53.2943	2.78571
52.3385	2.77143
51.3847	2.75714
50.4308	2.54286
49.4769	2.6
48.5206	2.64286
47.5665	2.62857
46.6122	2.74286
45.6578	2.38571
44.7012	2.51429
43.7467	2.35714
42.792	2.6
41.8351	2.2
40.8802	2.4
39.9253	2.21429
38.9702	2.57143
38.013	2.71429
37.0577	2.6
36.1024	2.35714
35.1469	2.78571
34.1892	2.97143
33.2336	2.67143
32.2779	2.44286
31.3199	2.65714
30.364	2.7
29.408	2.85714
28.4497	2.74286
27.4935	3.05714
26.5372	2.81429
25.5807	2.82857
24.6221	2.7
23.6655	2.72857
22.7088	2.71429
21.7498	2.58571
20.7929	2.98571
19.8359	2.71429
18.8767	2.68571
17.9195	2.81429
16.9622	2.84286
16.0026	2.94286
15.0452	2.94286
14.0876	3.31429
13.1277	3.35714
12.17	3.57143
11.2121	4.01429
10.252	4.3
9.29388	4.48571
8.33571	4.82857
7.37529	4.78571
6.41692	5.6
5.45845	8.47143
4.49774	14.5571
3.53908	20.5143
2.58032	33.0286
1.61931	86.2
0.660352	156.614
-0.2987	147.686
-1.26001	81.6857
-2.21925	53.8714
-3.18076	34.0286
-4.1402	12.7429
-5.09974	4.92857
-6.06154	3.54286
-7.02128	4.32857
-7.98112	4.91429
-8.94321	4.27143
-9.90324	4.02857
-10.8655	3.68571
-11.8258	3.24286
-12.7861	3.32857
-13.7487	3.02857
-14.7092	2.92857
-15.6698	2.92857
-16.6327	2.75714
-17.5935	2.42857
-18.5566	2.65714
-19.5176	2.71429
-20.4787	2.6
-21.4421	2.61429
-22.4034	2.34286
-23.367	2.41429
-24.3285	2.35714
-25.2922	2.42857
-26.2539	2.17143
-27.2157	2.48571
-28.1798	2.15714
-29.1418	2.3
-30.1061	2.21429
-31.0683	2.12857
-32.0306	2.25714
-32.9951	2.4
-33.9576	2.32857
-34.9224	2.41429
-35.885	2.17143
-36.85	2.4
-37.8129	2.04286
-38.778	2.3
-39.7411	1.94286
-40.7043	2.11429
-41.6697	1.9
-42.6331	1.9
-43.5988	2
-44.5623	1.87143
-45.5282	1.77143
-46.4919	2.15714
-47.458	2.11429
-48.422	2.22857
-49.3882	2.11429
-50.3524	2.04286
-51.3166	2.2
-52.2832	2.25714
-53.2476	2.41429
-54.2144	2.68571
-55.179	2.35714
-56.1459	2.34286
-57.1108	2.35714
-58.0779	2.94286
-59.043	2.85714
-60.0103	2.77143
-60.9756	2.85714
-61.9431	2.98571
-62.9086	2.88571
-63.8763	3.07143
-64.8419	3.45714
-65.8098	3.44286
-66.7757	3.7
-67.7438	3.48571
-68.7099	3.95714
-69.6782	3.81429
-70.6444	4.08571
-71.6129	4.42857
-72.5794	5.05714
-73.5481	5.2
-74.5147	5.87143
-75.4837	6.58571
-76.4505	7.17143
-77.4196	8.04286
-78.3867	8.95714
-79.356	10.4143
-80.3232	10.3857
-81.2927	12.2143
-82.2602	13.5429
-83.2299	14.3286
-84.1997	16.2
-85.1674	16.6857
-86.1374	16.8
-87.1053	17.3714
-88.0756	16.7429
-89.0437	15.5571
-90.0141	14.3857
-90.9824	13.0571
-91.953	11.9
-92.9216	10.9286
-93.8924	9.32857
-94.8633	8.47143
-95.8321	7.52857
-96.8032	6.78571
-97.7722	5.54286
-98.7435	5.54286
-99.7128	4.41429
-100.684	3.68571
-101.656	3.65714
-102.625	3.31429
-103.597	2.95714
-104.567	2.71429
-105.539	2.57143
-106.509	2.74286
-107.481	2.18571
-108.453	2.18571
-109.424	2.1
-110.396	2.08571
-111.367	2.1
-112.339	1.84286
-113.312	1.98571
-114.283	2.08571
-115.256	1.92857
-116.227	1.4
-117.2	1.78571
-118.173	1.82857
-119.144	1.82857
-120.118	1.88571
-121.089	1.74286
-122.063	1.64286
-123.037	1.68571
-124.009	1.51429
-124.983	1.52857
-125.954	1.11429
-126.929	1.35714
-127.903	1.51429
-128.875	1.57143
-129.85	1.37143
-130.824	0.971429
-131.797	0.957143
-132.772	0.9
-133.747	1.17143
-134.719	1.05714
-135.694	0.828571
-136.668	0.785714
-137.643	0.771428
-138.618	0.628571
-139.592	0.957143
-140.567	0.857143
-141.543	0.714286
-142.516	0.742857
-143.492	0.671429
-144.468	0.771429
-145.442	0.628571
-146.419	0.757143
-147.395	0.685714
-148.369	0.557143
-149.346	0.614286
-150.322	0.528571
-151.297	0.6
-152.274	0.385714
-153.25	0.471429
-154.225	0.6
-155.202	0.4
-156.18	0.557143
-157.155	0.528571
-158.132	0.5
-159.11	0.628572
-160.085	0.557143
-161.063	0.528571
-162.041	0.471429
-163.019	0.542857
-163.994	0.428571
-164.973	0.428571
-165.951	0.457143
-166.927	0.471429
-167.905	0.428571
-168.884	0.357143
-169.863	0.414286
-170.839	0.6
-171.818	0.514286
-172.797	0.285714
-173.774	0.514286
-174.753	0.285714
-175.732	0.271429
-176.711	0.314286
-177.689	0.314286
-178.668	0.257143
-179.648	0.385714
-180.625	0.357143
-181.605	0.285714
-182.585	0.242857
-183.565	0.285714
-184.543	0.285714
-185.523	0.128571
-186.504	0.242857
-187.484	0.285714
-188.463	0.228571
-189.443	0.271429
-190.424	0.242857
-191.405	0.0714286
-192.384	0.285714
-193.365	0.271429
-194.346	0.271429
-195.327	0.257143
-196.306	0.257143
-197.288	0.342857
-198.269	0.114286
-199.251	0.185714
-200.231	0.185714
-201.212	0.3
-202.194	0.185714
-203.176	0.242857
-204.159	0.171429
-205.139	0.3
-206.121	0.428571
-207.104	0.171429
-208.086	0.2
-209.069	0.3
-210.049	0.142857
-211.032	0.242857
-212.015	0.328571
-212.998	0.185714
-213.979	0.357143
-214.963	0.171429
-215.946	0.285714
-216.93	0.414286
-217.913	0.285714
-218.897	0.4
-219.878	0.185714
-220.862	0.3
-221.846	0.4
-222.83	0.385714
-223.815	0.0285715
-224.797	0.314286
-225.781	0.242857
-226.766	0.328571
-227.75	0.314286
-228.735	0.257143
-229.72	0.414286
-230.703	0.242857
-231.688	0.442857
-232.673	0.328571
-233.658	0.342857
-234.643	0.214286
-235.629	0.414286
-236.612	0.171429
-237.598	0.171429
-238.583	0.257143
-239.569	0.185714
-240.555	0.228571
-241.541	0.114286
-242.525	0.185714
-243.511	0.157143
-244.498	0.157143
-245.484	0.242857
-246.471	0.271429
-247.457	0.171429
-248.444	0.314286
-249.431	0.0571428
-250.416	0.0571429
-251.403	0.185714
-252.39	0.171429
-253.377	0.0714286
-254.365	0.0285715
-255.352	0
-256.34	0.128571
-257.327	0.128571
-258.313	0.0428571
-259.301	0.0285714
-260.289	0.157143
-261.277	0.0142858
-262.265	0.142857
-263.253	0.157143
-264.242	0.114286
-265.23	0.2
-266.219	0.142857
-267.205	-0.0571429
-268.194	0.228572
-269.183	0.114286
-270.172	0.1
-271.161	0.1
-272.151	0.171429
-273.14	0.185714
-274.129	0.0571429
-275.119	0.114286
-276.108	0.0142857
-277.098	0.128571
-278.088	0.0714286
-279.076	0.228571
-280.066	0.171429
-281.056	0.142857
-282.046	0.0857143
-283.036	0.0571429
-284.027	0
-285.017	0.0714286
-286.008	0
-286.999	-0.0428571
-287.99	0.0285715
-288.981	0.1
-289.972	0.0285715
-290.963	0.0571428
-291.954	0.0857143
-292.946	0.0142857
-293.937	0.0714285
-294.929	0.0714285
-295.92	0.171429
-296.91	0.185714
-297.902	0.0857143
-298.894	0.128571
-299.886	0.2
-300.878	0.0142857
-301.87	0.0857143
-302.863	0.142857
-303.855	0.0571429
-304.848	0.214286
-305.841	0.0285714
-306.834	0.0428571
-307.826	0.128571
-308.819	0.228571
-309.813	0.0857143
-310.806	-2.98023e-008
-311.799	2.98023e-008
-312.793	0.1
-313.786	0.0428571
-314.78	0.2
-315.774	0.114286
-316.767	0.128571
-317.761	0.128571
-318.755	-0.0285715
-319.75	0.128571
-320.744	0.0428571
-321.738	0.0714285
-322.733	0.0714285
-323.727	0.0428571
-324.722	0.114286
-325.717	0.157143
-326.712	0.0714285
-327.707	0.0571429
-328.702	0.0428571
-329.697	0.0857142
-330.692	0
-331.688	0.0863628
-332.683	-0.0844171
-333.679	0.00194588
-334.674	-0.0259767
-335.67	0.231815
-336.666	0.0467496
-337.662	0.0188271
-338.661	0.105192
-339.657	0.0486982
-340.653	0.10649
-341.65	0.0357109
-342.646	0.122075
-343.643	0.0512953
-344.64	0.109088
-345.636	0.0954515
-346.633	0.0532439
-347.631	0.111036
-348.628	0.0688291
-349.625	0.0123359
-350.622	0.112986
-351.62	0.0707785
-352.617	0
-353.615	-0.0163253
-354.613	0.0244922
-355.613	-0.0204095
-356.611	-0.0081639
-357.609	0.118367
-358.607	-0.0265307
-359.606	0
-360.604	0.0857143
-361.603	0.0714286
-362.601	0.114286
-363.6	0.2
-364.599	0.1
-365.598	0.171429
-366.597	0.128571
-367.598	0.0285715
-368.597	0.0571429
-369.597	0.0857143
-370.596	0.0571428
-371.596	-0.0285714
-372.595	0.1
-373.595	0.0428571
-374.595	0
-375.595	-0.0285714
-376.595	0.114286
-377.598	0
-378.598	0.0285715
-379.598	0
-380.599	0.0714285
-381.599	0.0285715
-382.6	0.0142857
-383.601	0.0142857
-384.602	0.0285715
-385.605	0.0285715
-386.606	0.0428571
-387.608	0.114286
-388.609	0.0142857
-389.61	0.0285715
-390.612	0.0142857
-391.614	0.0428571
-392.618	0.0714286
-393.619	0.0142857
-394.621	0.0428571
-395.623	0.185714
-396.626	0.0857143
-397.628	0
-398.63	-0.0285714
-399.635	0.0857143
-400.638	0.0285715
-401.64	0.0857143
-402.643	0.0428571
-403.646	0.0142857
-404.649	0.1
-405.654	0.0571428
-406.658	0.0714286
-407.661	-0.1
-408.664	0.0714286
-409.668	0.0857143
-410.672	0.0857143
-411.678	0.128571
-412.682	0.0571429
-413.685	0.0857143
-414.69	-0.0571429
-415.694	0.128571
-416.7	0.142857
-417.705	0.114286
-418.709	0.0428571
-419.714	0.0714286
-420.718	0.0285715
-421.723	0
-422.73	0.142857
-423.735	0.1
-424.741	-0.0285714
-425.746	0.1
-426.753	0.0714286
-427.759	0.114286
-428.764	0.0857143
-429.77	0.0285714
-430.776	0.0285714
-431.784	0.0714286
-432.79	-0.114286
-433.796	-0.0428571
-434.802	0.128571
-435.808	0.0857143
-436.817	0.1
-437.823	0.0285714
-438.83	0.0285715
-439.837	0.0142857
-440.846	0.0857143
-441.853	0.0857143
-442.86	0.0285714
-443.867	0.0428571
-444.876	0.0285714
-445.884	-0.0285714
-446.891	0
-447.899	0.0454516
-448.908	0.00519493
-449.916	-0.106496
-450.924	0.110385
-451.932	0.0844093
-452.942	0.0441538
-453.951	0.0181785
-454.959	0.00648916
-455.967	0.0519429
-456.978	0.0545456
-457.987	0
-458.995	0.0847311
-460.004	-0.00196648
-461.015	0.139905
-462.024	-0.0182212
-463.033	0.0665095
-464.043	0.0512401
-465.054	0.150254
-466.064	0.177842
-467.073	0.119715
-468.085	0.118728
-469.095	0.0891729
-470.105	0.0453314
-471.115	0.0729185
-472.127	0.14336
-473.137	0.12809
-474.148	-0.0443233
-475.16	0.0689754
-476.171	0.0394191
-477.181	0.0384341
-478.192	0.0517346
-479.205	0.0936043
-480.216	0.0497618
-481.227	0.120205
-482.241	0.00493148
-483.252	0.0182316
-484.263	0.0172459
-485.277	0.116258
-486.288	0.0295576
-487.3	0
-488.314	0.117349
-489.326	0.0918348
-490.338	0.00917783
-491.352	0.140814
-492.365	0.186729
-493.377	0.0326444
-494.392	-0.0500045
-495.404	0.0101973
-496.417	0.127542
-497.432	0.116323
-498.445	-0.0234742
-499.458	0.151015
-500.473	0.0826533
-501.486	0
-502.499	0.0848753
-503.515	0.09832
-504.529	0.126052
-505.542	-0.0462154
-506.558	0.0958005
-507.572	0.109247
-508.586	-0.0201641
-509.602	0.0932801
-510.616	0.00672618
-511.63	0.0344579
-512.647	0.162188
-513.661	0.0470619
-514.678	0.0605057
-515.693	0.088237
-516.708	0.215968
-517.725	0.143698
-518.74	0
-519.755	0.0166643
-520.772	0.0190483
-521.788	0.00714171
-522.805	0.0666692
-523.821	-0.0023798
-524.836	0
-525.854	0.110387
-526.87	0.0207821
-527.888	0.0883112
-528.905	0.0701341
-529.921	0.0376708
-530.939	0.105198
-531.956	-0.0701226
-532.972	-0.0311585
-533.991	0.0935108
-535.008	-0.0675257
-536.027	0
-537.044	-0.0500098
-538.063	-0.0285743
-539.08	0.121418
-540.097	-0.0285899
-541.117	0.0928477
-542.134	0.0714132
-543.154	0.0499955
-544.172	0.0857052
-545.19	0.0785585
-546.21	0
-547.228	0.125007
-548.248	0.107149
-549.266	0.146441
-550.287	0.0857247
-551.305	0.182159
-552.324	0.0357357
-553.345	0.160733
-554.363	0.157166
-555.384	0.0107333
-556.403	0.19288
-557.425	0.0750182
-558.444	-0.0142645
-559.465	0.0393015
-560.485	0.235732
-561.504	0.00359151
-562.526	0.100014
-563.546	0.110729
-564.568	0.0500075
-565.588	0.0321508
-566.61	0
-567.63	0.0142857
-568.653	0.0571429
-569.673	0.1
-570.696	0.0571429
-571.716	2.98023e-008
-572.739	0.0714286
-573.76	0.1
-574.781	0.114286
-575.804	0.128571
-576.825	-0.0142857
-577.849	-0.0571429
-578.87	0.214286
-579.894	0.0571428
-580.915	-0.114286
-581.939	0.0428571
-582.961	0.0285714
-583.985	0.185714
-585.007	0.171429
-586.031	0
-587.054	0.00389022
-588.078	0.107789
-589.101	0.0116803
-590.125	0.0441517
-591.148	0.105186
-592.173	-0.0623414
-593.196	0.184408
-594.221	0.0454528
-595.244	0.0350604
-596.269	0.0532486
-597.293	0
-598.318	0.154285
-599.342	0.0371472
-600.368	0.0200028
-601.391	0.11715
-602.417	0.200005
-603.441	0.0685808
-604.468	0.108578
-605.494	-0.00856757
-606.518	0.0457212
-607.545	0.0428606
-608.569	-0.00285131
-609.596	0.0228587
-610.621	-0.00856793
-611.648	0.0599988
-612.673	0
-613.7	0.125004
-614.725	0.0785561
-615.753	0.0607048
-616.778	-2.61068e-005
-617.806	0.082125
-618.833	0.0928489
-619.859	0.0178355
-620.887	0.142847
-621.913	0.0821218
-622.941	0.178564
-623.967	0.00355551
-624.996	0
-626.022	0.109534
-627.051	0.261913
-628.08	0.214293
-629.106	0.166682
-630.135	0.176203
-631.162	0.128591
-632.191	0.0381115
-633.218	0.0762132
-634.248	0.157161
-635.277	0.038108
-636.305	0.0904936
-637.335	0.200011
-638.362	0.13811
-639.392	0.119056
-640.422	0
-641.45	0.204754
-642.48	0.13809
-643.509	0.12856
-644.539	0.0761829
-645.57	0.109521
-646.598	0.0714204
-647.629	0.00475961
-648.658	0.0380886
-649.689	0
-650.72	0.192306
-651.749	0.141771
-652.781	0.105504
-653.81	-0.0450322
-654.841	0.104413
-655.873	0.0395722
-656.903	0.0747477
-657.935	0.152762
-658.964	0.030793
-659.997	0.0945203
-661.029	-0.0417532
-662.059	0.0219896
-663.092	0
-664.124	0.0727277
-665.155	0.0311668
-666.187	-0.0246767
-667.22	0.00519419
-668.251	-0.00779477
-669.284	0.00779065
-670.315	0.0519449
-671.349	0.153245
-672.382	0.0831164
-673.414	0.0701282
-674.447	0
-675.481	0.198901
-676.513	-0.0021956
-677.547	0.0252766
-678.581	0.138463
-679.613	-0.0197768
-680.647	-0.00659057
-681.682	0.106595
-682.714	0.13407
-683.749	0.0901126
-684.784	-0.0109874
-685.816	0.102201
-686.851	0.0439575
-687.886	0
-688.919	0.101357
-689.955	0.117003
-690.99	-0.0530652
-692.023	0.0625781
-693.059	0.0353673
-694.095	0.0510139
-695.129	0.0809433
-696.165	0.0394473
-697.201	0.0408085
-698.235	0.085024
-699.271	0.0435285
-700.307	0.0448902
-701.344	0.0462521
-702.378	-0.0952461
-703.415	0.0204017
-704.452	0.0360496
-705.487	0.16598
-706.524	-0.00408548
-707.561	0.0687057
-708.596	0.0557798
-709.634	0
-710.671	0.170238
-711.709	0.140476
-712.744	0.096431
-713.782	0.0380973
-714.82	0.0226206
-715.856	0.0214322
-716.894	0.0488124
-717.933	0.11905
-718.971	-0.0392847
-720.007	-0.0404736
-721.046	0.115478
-722.085	0
-723.121	0.099635
-724.16	0.0706979
-725.2	0.0274749
-726.239	0.0413947
-727.276	0.126744
-728.315	0.0692351
-729.355	0.0688692
-730.395	0.0542173
-731.432	0.0967093
-732.472	0.0963431
-733.512	-0.161166
-734.552	0.0813251
-735.59	0.109531
-736.63	0.0234506
-737.671	0.0373699
-738.711	0.0370036
-739.75	0.136638
-740.79	0.0934144
-741.831	0.0501909
-742.871	0.149825
-743.912	0.0208868
-744.953	0.0633774
-745.994	0.13444
-747.035	0.0197874
-748.075	0.00513536
-749.117	0.0761973
-750.158	-0.081312
-751.2	0.075464
-752.24	0.0750976
-753.283	0.060445
-754.324	0.174364
-755.366	0.00256866
-756.408	0.0164873
-757.45	0.116121
-758.492	0.172897
-759.534	0.058244
-760.577	0.0435912
-761.62	0.114653
-762.662	0
-763.705	-0.0279508
-764.747	0.00124064
-765.791	0.0161471
-766.834	0.00248224
-767.877	0.117388
-768.921	0.103723
-769.963	0.090058
-771.007	0.104965
-772.051	0.0770145
-773.094	0.0633494
-774.139	0.0639707
-775.183	-0.0925508
-776.227	0.050927
-777.271	0.0801199
-778.316	0.0521701
-779.36	0.0670767
-780.405	0.0248412
-781.449	0.0683195
-782.494	0.0975128
-783.539	0.0695632
-784.584	0.0701844
-785.629	0.0279493
-786.675	0
-787.719	0.119634
-788.765	0.139275
-789.811	0.101774
-790.857	-0.0500124
-791.903	0.0267674
-792.949	0.0606963
-793.995	0.0374829
-795.041	0.0428357
-796.087	0.119624
-797.134	0.253555
-798.18	0.0874808
-799.227	0.135699
-800.274	0.183918
-801.321	0.217851
-802.368	0.208922
-803.415	0
-804.463	0.0824213
-805.51	0.207699
-806.557	0.190123
-807.605	0.129686
-808.653	0.0406774
-809.701	0.0945253
-810.748	0.0912338
-811.796	0.102224
-812.845	0.198928
-813.893	0.138489
-814.941	0.192339
-815.99	0.231899
-817.039	0.142887
-818.088	0.139589
-819.136	0.0505805
-820.185	0.118711
-821.234	0.201126
-822.284	0.126398
-823.333	0.0659562
-824.382	0.0483743
-825.432	0.102217
-826.482	0.127488
-827.532	-0.0329561
-828.582	0.135171
-829.631	0.0318733
-830.681	0
-831.732	0.214286
-832.783	0.0142857
-833.833	0.0285714
-834.884	-0.0571429
-835.934	0.0857143
-836.985	0.0571429
-838.036	0.0571429
-839.087	0.114286
-840.139	0.0285714
-841.19	0.185714
-842.242	0
-843.292	0.0285714
-844.344	0.0857143
-845.396	0.0714286
-846.448	0.0285714
-847.5	0.0714286
-848.553	0.214286
-849.605	0.128571
-850.658	0.114286
-851.709	0.0285714
-852.762	0.128571
-853.815	0.0857143
-854.868	0.0857143
-855.921	0.114286
-856.974	0.0857143
-858.027	-0.0142857
-859.081	0.1
-860.134	0.0714286
-861.188	0.1
-862.241	0
-863.294	0.128571
-864.348	0.0714285
-865.402	0.0428572
-866.457	0.0142858
-867.511	0
-868.565	0.0714285
-869.62	-0.0142857
-870.675	0.0714285
-871.729	-0.0142857
-872.784	0.142857
-873.839	0
-874.895	0.113493
-875.95	0.1127
-877.005	-0.0166647
-878.061	-0.0888865
-879.116	0.124606
-880.172	0.0666698
-881.228	0.0658762
-882.284	-0.00634584
-883.34	0.0928606
-884.396	0.120638
-885.452	0.0484159
-886.508	0.0333364
-887.565	0.146828
-888.621	0.0888913
-889.678	-0.0261886
-890.735	0.0301601
-891.792	0.0436515
-892.849	0
-893.906	0.0296697
-894.963	0.102197
-896.021	-0.0395622
-897.078	-0.0098922
-898.136	0.0912065
-899.194	-0.0362662
-900.251	0.10769
-901.309	0.123075
-902.367	0.0670309
-903.426	0.025273
-904.484	0.126372
-905.542	-0.0153853
-906.601	0
-907.659	0.0566511
-908.718	0.0990164
-909.777	-0.00147554
-910.837	0.0694605
-911.896	0.19754
-912.956	0.139905
-914.015	0.0679844
-915.074	0.138921
-916.134	0.067
-917.194	0.052222
-918.253	0.037444
-919.313	0.0512373
-920.373	0.0650305
-921.435	0.107395
-922.495	0.0497593
-923.555	-0.0364476
-924.616	-0.0797974
-925.676	0.0625671
-926.737	-0.0522114
-927.798	0.161582
-928.859	0.046803
-929.921	0.0891667
-930.982	0.117245
-932.043	0.0596092
-933.105	0.116259
-934.166	0.0443374
-935.228	0.0867014
-936.289	0.0576367
-937.352	0
-938.414	0.0731403
-939.476	0.0748521
-940.539	0.147993
-941.601	0.178276
-942.663	0.122846
-943.727	0.124561
-944.79	0.183416
-945.852	0.0994148
-946.915	0.115414
-947.978	0.0885556
-949.042	0.0616996
-950.106	0.120556
-951.169	0.079413
-952.232	0.166841
-953.296	-0.00287294
-954.361	-0.0582995
-955.425	0.0862723
-956.489	0.102273
-957.553	0.189702
-958.618	0.0342765
-959.682	0.0931346
-960.746	0.0662788
-961.811	0.0679945
-962.875	-0.00171807
-963.941	0
-965.006	0.0587885
-966.071	0.0461485
-967.136	0.0335088
-968.203	0.135157
-969.268	0.108232
-970.333	0.0670211
-971.4	0.125813
-972.465	0.0417451
-973.531	0.0862493
-974.597	0.245039
-975.664	0.118117
-976.73	0.148336
-977.796	0.0928412
-978.864	0.280205
-979.93	0.0961391
-980.997	0.197787
-982.064	0.156579
-983.132	0.00108635
-984.198	0.117021
-985.265	0.21867
-986.334	0.0917496
-987.401	0.207685
-988.468	0.166477
-989.537	0.168129
-990.604	0.169778
-991.672	0
-992.741	0.156447
-993.809	0.12718
-994.877	0.169342
-995.947	0.282932
-997.015	0.13938
-998.083	0.110113
-999.153	0.0665594
-1000.22	0.208721
-1001.29	0.108025
-1002.36	0.164472
-1003.43	0.178062
-1004.5	0.105936
-1005.57	0.10524
-1006.64	0.11883
-1007.71	0.16099
-1008.78	0.160294
-1009.85	0.131027
-1010.92	0.201758
-1011.99	0.243919
-1013.06	0.171793
-1014.13	0.199668
-1015.2	0.0703999
-1016.27	0.241131
-1017.34	-0.0167086
-1018.41	0.211165
-1019.48	0.0818968
-1020.56	0.0526284
-1021.63	0.0376448
-1022.7	0.151233
-1023.77	0.121964
-1024.84	0.149838
-1025.91	0.177711
-1026.99	0.162728
-1028.06	0.119173
-1029.13	0.175618
-1030.2	0.117778
-1031.28	0.217079
-1032.35	0.159238
-1033.42	0.0871111
-1034.49	0.12927
-1035.57	0
-1036.64	0.0707304
-1037.71	0.0986029
