932.418	1.05892
931.556	0
930.693	0.512507
929.831	0.525013
928.968	0.294663
928.105	0.321455
927.241	0.3911
926.378	0.332177
925.515	0.273254
924.652	0.414331
923.788	0.269694
922.925	0.367913
922.062	0.251847
921.199	0.350066
920.335	0.348285
919.471	0.26079
918.606	0.387576
917.742	0.142937
916.878	0.341155
916.014	0.282231
915.15	0.237592
914.286	0.192952
913.422	0.305456
912.558	0.332245
911.692	0.201886
910.827	0.200104
909.963	0.326892
909.098	0.225109
908.234	0.237611
907.369	0.19297
906.504	0.248329
905.637	0.246542
904.772	0.373329
903.907	0.271545
903.042	0.26976
902.177	0.196547
901.311	0.223334
900.444	0.264402
899.578	0.248331
898.713	0.203689
897.847	0.259046
896.982	0.342975
896.116	0.198332
895.248	0.210827
894.382	0.209041
893.516	0.335826
892.65	0.319754
891.783	0.27511
890.915	0.187605
890.049	0.271532
889.182	0.198317
888.315	0.196529
887.449	0.194742
886.58	0.107236
885.713	0.176876
884.846	0.246517
883.979	0.187586
883.112	0.300083
882.243	0.369719
881.376	0.16793
880.509	0.108998
879.641	0.150066
878.772	0.219702
877.904	0.132198
877.036	0.173265
876.169	0.228618
875.299	0.226824
874.431	0.282177
873.563	0.13753
872.695	0.350025
871.825	0.105373
870.956	0.103582
870.088	0.158934
869.22	0
868.349	0.185714
867.481	0.142857
866.612	0.3
865.743	0.185714
864.872	0.242857
864.003	0.0571429
863.134	0.157143
862.265	0.128571
861.394	0.142857
860.525	0.157143
859.655	0.114286
858.784	0.0142857
857.914	0.171429
857.045	0.342857
856.175	0.2
855.303	0.285714
854.434	0.185714
853.564	0.285714
852.692	0.114286
851.821	0.214286
850.951	0.0714286
850.081	0
849.209	0.257187
848.338	0.085803
847.468	0.0572759
846.595	0.271606
845.724	0.143079
844.854	0.200266
843.981	0.286025
843.11	0.100355
842.239	0.100399
841.366	0.0718722
840.494	0.257631
839.623	0.214818
838.75	0.15772
837.878	0.129193
837.007	0.18638
836.133	0.172139
835.261	0.300754
834.39	0.086513
833.516	0.1437
832.644	0.172316
831.772	0.129503
830.898	0.143834
830.025	0.17245
829.151	0.215351
828.279	0.143967
827.406	0.286869
826.532	0.186913
825.659	0.0441003
824.786	0.215573
823.911	0.144189
823.038	0.201377
822.163	0.129993
821.29	0.230037
820.417	0.0586528
819.542	0.101555
818.669	0.23017
817.793	0.030215
816.92	0.330259
816.046	0.273161
815.17	0.173206
814.297	0.258964
813.421	0.116152
812.547	0.301911
811.673	0.101955
810.797	0.116285
809.923	0.21633
809.046	0.173517
808.172	0.230705
807.298	0.187892
806.421	0.187937
805.547	0.25941
804.67	0.202312
803.795	0.18807
802.918	0.245258
802.043	0.159588
801.168	0.259633
800.291	0.173963
799.416	0.188293
798.539	0.174052
797.663	0.202668
796.786	0.188427
795.91	0.2599
795.033	0.0885164
794.157	0.25999
793.279	0.202891
792.403	0.18865
791.527	0.0458378
790.649	0.274454
789.773	0.174498
788.895	0.203115
788.018	0.246016
787.14	0.203204
786.264	0.174677
785.385	0.0747218
784.508	0.189052
783.63	0.217668
782.753	0.203427
781.874	0.174901
780.997	0.0178024
780.118	0.160704
779.241	0.160749
778.362	0.103651
777.484	0.103695
776.605	0.20374
775.727	0.260928
774.848	0.146687
773.97	0.361017
773.09	0.189633
772.212	0.218249
771.332	0.161151
770.454	0.0611962
769.574	0.189812
768.696	0.261286
767.816	0.232759
766.937	0.261375
766.057	0.16142
765.176	0.17575
764.298	0.147224
763.417	0.247269
762.538	0.247313
761.657	0.104501
760.778	0.175974
759.897	0.176019
759.018	0.19035
758.137	0.20468
757.258	0.104725
756.376	0.147627
755.495	0.0762434
754.615	0.162002
753.734	0.247762
752.854	0.176378
751.972	0.247851
751.092	0.0621818
750.21	0.133655
749.328	0.205129
748.448	0.205173
747.566	0.23379
746.685	0.319549
745.803	0.162451
744.92	0.162496
744.04	0.162541
743.157	0.219729
742.276	0.248345
741.393	0.134104
740.511	0.191292
739.63	0.14848
738.746	0.305667
737.865	0.177141
736.982	0.134329
736.099	0.262945
735.217	0.105847
734.333	0.0773205
733.452	0.26308
732.568	0.148839
731.684	0.191741
730.802	0.120357
729.918	0.248974
729.034	0.163305
728.152	0.16335
727.268	0.220537
726.386	0.0491537
725.501	0.234913
724.617	0.206387
723.734	0.192146
722.85	0.192191
721.965	0.0636644
721.082	0.0922808
720.197	0.106612
719.312	0.192371
718.429	0.17813
717.544	0.16389
716.658	0.121077
715.775	0.178265
714.89	0.149739
714.004	0.135498
713.12	0.264115
712.235	0.16416
711.349	0.178491
710.465	0.121393
709.579	0.207152
708.693	0.0786257
707.809	0.135814
706.923	0.135859
706.036	0.221618
705.15	0.26452
704.265	0.221708
703.379	0.250325
702.492	0.178941
701.607	0.236129
700.721	0.136174
699.834	0.207648
698.949	0.121979
698.062	0.279167
697.174	0.122069
696.287	0.2364
695.402	0.165017
694.514	0.13649
693.627	0.179393
692.739	0.136581
691.853	0.179483
690.966	0.236671
690.078	0.136716
689.192	0.251047
688.304	0.179664
687.416	0.265423
686.527	0.0511826
685.641	0.179799
684.753	0.265559
683.864	0.151318
682.976	0.208506
682.089	0.165694
681.2	0.208597
680.311	0.28007
679.422	0.208687
678.535	0.194447
677.646	0.26592
676.757	0.15168
675.868	0.0945824
674.979	0.251771
674.091	0.251816
673.202	0.151861
672.312	0.137621
671.422	0.194809
670.534	0.20914
669.644	0.280613
668.755	0.30923
667.864	0.152133
666.974	0.180749
666.086	0.209366
665.196	0.0951257
664.305	0.223742
663.415	0.0809306
662.524	0.0952616
661.636	0.25245
660.745	0.181066
659.854	0.123969
658.963	0.252586
658.072	0.22406
657.181	0.138391
656.292	0.138436
655.4	0.20991
654.509	0.138527
653.618	0.167144
652.726	0.0814747
651.836	0.167234
650.945	0.224423
650.053	0.167325
649.161	0.16737
648.269	0.195987
647.377	0.23889
646.485	0.110364
645.595	0.153266
644.702	0.110455
643.81	0.181928
642.917	0.181974
642.025	0.139162
641.132	0.167779
640.239	0.153539
639.348	0.139299
638.455	0.310773
637.562	0.167961
636.669	0.210863
635.776	0.33948
634.883	0.268097
633.989	0.239571
633.096	0.0681883
632.204	0.196805
631.311	0.268279
630.417	0.239753
629.523	0.16837
628.629	0.125558
627.735	0.225604
626.841	0.282792
625.947	0.139981
625.053	0.254312
624.16	0.2115
623.266	0.211546
622.371	0.240163
621.477	0.0973511
620.582	0.154539
619.687	0.254585
618.792	0.140345
617.897	0.211819
617.002	0.211865
616.107	0.11191
615.212	0.19767
614.316	0.154858
613.421	0.16919
612.528	0.169235
611.632	0.212138
610.736	0.212184
609.841	0.197943
608.945	0.183703
608.049	0.0980346
607.153	0.29808
606.257	0.0981258
605.36	0.155314
604.464	0.183931
603.568	0.126834
602.671	0.184023
601.775	0.198354
600.878	0.241257
599.981	0.0413025
599.084	0.155634
598.188	0.155679
597.291	0.198582
596.393	0.170056
595.496	0.112959
594.599	0.227291
593.702	0.170194
592.804	0.155953
591.907	0.170285
591.009	0.141759
590.111	0.141805
589.213	0.127565
588.316	0.141896
587.418	0.256228
586.52	0.227702
585.621	0.270605
584.723	0.170651
583.825	0.184982
582.926	0.0993135
582.028	0.156502
581.129	0.127976
580.231	0.170879
579.332	0.0423536
578.433	0.185256
577.534	0.171017
576.635	0.213919
575.736	0.213965
574.837	0.199725
573.937	0.114057
573.038	0.228388
572.138	0.257005
571.239	0.12848
570.339	0.21424
569.439	0
568.54	0.142858
567.64	0
566.74	0.185714
565.839	0.128571
564.939	0.142857
564.039	0.0857143
563.139	0.2
562.238	0.0857143
561.338	0.285714
560.435	0.142857
559.534	0.214286
558.633	0.157143
557.732	0.1
556.831	0.171429
555.93	0.185714
555.029	0.114286
554.128	0.342857
553.227	0.171429
552.325	0.128571
551.424	0.0428571
550.522	0.0714286
549.618	0.142857
548.716	0.171429
547.815	0
546.913	0.185714
546.01	0.0428571
545.108	0.0857143
544.206	0.128571
543.304	0.114286
542.401	0.171429
541.499	0.171429
540.594	0.157143
539.691	0.142857
538.789	0.228571
537.886	0.2
536.983	0.0428571
536.08	0.0571429
535.177	0.228571
534.273	0.171429
533.368	0.128571
532.465	0.128571
531.561	0.114286
530.658	0.1
529.754	0.171429
528.85	0.2
527.946	0.142857
527.04	0.128571
526.136	0.0857143
525.232	0.142857
524.328	0.2
523.424	0.171429
522.519	0.2
521.613	0.185714
520.708	0.1
519.803	0.157143
518.899	0.242857
517.994	0.157143
517.089	0.171429
516.182	0.0714286
515.277	0.114286
514.372	0.171429
513.466	0.1
512.561	0.0142857
511.653	0.2
510.748	0.142857
509.842	0
508.936	0.157602
508.031	0.215204
507.125	0.144235
506.217	0.116124
505.311	0.15944
504.404	0.1599
503.498	0.0889305
502.59	0.203677
501.683	0.189851
500.777	0.204596
499.87	0.219341
498.963	0.162658
498.054	0.305976
497.148	0.135007
496.241	0.19261
495.333	0.178784
494.424	0.136388
493.517	0.179705
492.61	0.180165
491.702	0.152053
490.795	0.023942
489.885	0.124403
488.977	0.196292
488.069	0.182466
487.161	0.0972123
486.251	0.283388
485.343	0.0695626
484.435	0.141452
483.527	0.227626
482.617	0.0852307
481.708	0.128548
480.8	0.171866
479.891	0.115184
478.98	0.215646
478.071	0.316106
477.163	0.27371
476.251	0.202743
475.342	0.303204
474.433	0.175094
473.524	0.18984
472.613	0.276017
471.703	0.162192
470.794	0.176939
469.882	0.277401
468.972	0.263576
468.063	0.264038
467.153	0.207356
466.241	0.33639
465.331	0.236851
464.42	0.0944554
463.508	0.194918
462.598	0.166808
461.687	0.181555
460.775	0.124875
459.864	0.196765
458.953	0.182941
458.041	0.19769
457.13	0.241009
456.219	0.0986132
455.306	0.141933
454.395	0.128109
453.483	0
452.57	0.142237
451.658	0.284474
450.747	0.255284
449.833	0.111806
448.922	0.139758
448.01	0.196281
447.096	0.209946
446.184	0.166469
445.272	0.237278
444.358	0.0937998
443.445	0.207466
442.533	0.106846
441.619	0.206225
440.706	0.134176
439.793	0.162127
438.879	0.14722
437.966	0.275171
437.051	0.231693
436.138	0.17393
435.225	0.030452
434.31	0.158402
433.397	0.172067
432.483	0.157161
431.568	0.28511
430.654	0.184489
429.739	0.112439
428.825	0.183246
427.911	0.196911
426.995	0.210575
426.081	0.138525
425.165	0.137903
424.251	0.180139
423.337	0.179518
422.42	0.150324
421.506	0.206845
420.589	0.134794
419.675	0.0627439
418.76	0.133551
417.843	0.190071
416.928	0.303735
416.011	0.103112
415.096	0.173919
414.181	0.287583
413.264	0.18696
412.348	0.186338
411.431	0
410.515	0.174599
409.598	0.163491
408.682	0.266662
407.764	0.112697
406.848	0.201583
405.932	0.176183
405.014	0.207933
404.098	0.19682
403.18	0
402.263	0.2
401.345	0.214286
400.428	0.214286
399.51	0.314286
398.593	0.214286
397.674	0.214286
396.757	0.214286
395.84	0.242857
394.921	0.0428572
394.004	0.242857
393.085	0.271429
392.167	0.214286
391.248	0.171429
390.33	0.2
389.411	0.214286
388.493	0.271429
387.573	0.128571
386.655	0.0714286
385.735	0.3
384.817	0.214286
383.897	0
382.978	0.271387
382.058	0.242775
381.14	0.199877
380.219	0.156978
379.3	0.156937
378.38	0.0854673
377.461	0.185426
376.54	0.271099
375.621	0.142487
374.7	0.199588
373.78	0.270976
372.859	0.18522
371.94	0.21375
371.018	0.142281
370.099	0.199382
369.177	0.156484
368.255	0.356443
367.335	0.170687
366.413	0.227789
365.493	0.270605
364.571	0.213421
363.651	0.213379
362.729	0.0990524
361.808	0.284726
360.886	0.141827
359.965	0.298929
359.042	0.198887
358.12	0.313132
357.199	0.270233
356.276	0.184478
355.355	0.270151
354.432	0.241538
353.51	0.255783
352.587	0.12717
351.663	0.198557
350.742	0.18423
349.818	0.21276
348.897	0.0984332
347.973	0.298392
347.051	0.198351
346.127	0.126881
345.203	0.0982679
344.281	0.283941
343.356	0.241042
342.434	0.0838582
341.51	0.283817
340.585	0.212347
339.663	0.140877
338.738	0.197978
337.815	0.212223
336.89	0.155039
335.965	0.240711
335.042	0.283527
334.117	0.226343
333.191	0.212016
332.268	0.22626
331.343	0.140505
330.419	0.211892
329.493	0.240422
328.568	0.297523
327.644	0.226053
326.718	0.254583
325.792	0.140256
324.868	0.1545
323.941	0.28303
323.017	0.282989
322.091	0.111519
321.164	0.240049
320.24	0.125722
319.313	0.12568
318.386	0.211353
317.461	0.0684546
316.534	0.125556
315.607	0.296943
314.682	0.239759
313.755	0.182574
312.828	0.296819
311.902	0.111063
310.975	0.168164
310.047	0.253837
309.121	0.110938
308.194	0.239468
307.266	0.167998
306.34	0.353671
305.412	0.167915
304.483	0.310731
303.557	0.324975
302.629	0.167791
301.7	0.253463
300.774	0.339136
299.845	0.239095
298.917	0.267624
297.988	0.239011
297.061	0.253256
296.132	0.281785
295.203	0.153172
294.276	0.253131
293.346	0.224518
292.417	0.295905
291.487	0.310149
290.56	0.210108
289.63	0.224352
288.7	0.32431
287.773	0.25284
286.843	0.295655
285.913	0.124185
284.982	0.224144
284.054	0.281245
283.124	0.281203
282.193	0.338304
281.263	0.309691
280.334	0.20965
279.404	0.152465
278.473	0.280995
277.542	0.138096
276.613	0.180912
275.682	0.18087
274.751	0.295114
273.819	0.266501
272.89	0.137888
271.959	0.409275
271.027	0.237805
270.096	0.266334
269.166	0.237721
268.234	0.209108
267.302	0.280495
266.37	0.351882
265.44	0.180412
264.508	0.294656
263.576	0.251757
262.643	0.208858
261.711	0.380245
260.78	0.294489
259.847	0.394447
258.915	0.351548
257.982	0.237221
257.051	0.36575
256.118	0.208566
255.185	0.194238
254.252	0.222768
253.318	0.40844
252.387	0.379827
251.453	0.222643
250.52	0.336887
249.586	0.35113
248.652	0.0939459
247.718	0.265333
246.786	0.308148
245.852	0.279535
244.918	0.308064
243.984	0.436594
243.049	0.393695
242.117	0.365082
241.182	0.222183
240.248	0.307855
239.313	0.364956
238.378	0.293486
237.443	0.279158
236.51	0.307688
235.575	0.321932
234.64	0.250461
233.705	0.278991
232.769	0.336092
231.834	0.393193
230.898	0.493151
229.965	0.393109
229.029	0.293067
228.093	0.335883
227.157	0.350126
226.221	0.278656
225.285	0.250043
224.348	0.407144
223.414	0.421388
222.478	0.364203
221.541	0.392732
220.605	0.478405
219.668	0.364077
218.731	0.378321
217.794	0.392565
216.857	0.421094
215.92	0.363909
214.985	0.292439
214.048	0.306683
213.11	0.292355
212.173	0.349456
211.235	0.377985
210.297	0.249372
209.36	0.392187
208.422	0.449288
207.484	0.377817
206.546	0.36349
205.61	0.420591
204.671	0.44912
203.733	0.406221
202.795	0.320465
201.856	0.334708
200.918	0.391809
199.979	0.277481
199.04	0.348868
198.101	0.348826
197.162	0.448784
196.223	0.305885
195.284	0.234414
194.345	0.291515
193.407	0.291473
192.468	0.305717
191.528	0.348532
190.589	0.319918
189.649	0.30559
188.709	0.405548
187.769	0.419792
186.829	0.41975
185.889	0.391136
184.949	0.376808
184.008	0.333909
183.068	0.376724
182.127	0.333825
181.187	0.419497
180.246	0.476598
179.305	0.376556
178.364	0.390799
177.423	0.519329
176.482	0.390715
175.541	0.304959
174.6	0.404917
173.658	0.51916
172.717	0.419118
171.775	0.490504
170.834	0.490462
169.892	0.447563
168.95	0.361807
168.008	0.447479
167.066	0.447436
166.124	0.604537
165.182	0.561638
164.239	0.590167
163.297	0.490125
162.354	0.43294
161.412	0.604326
160.469	0.732856
159.526	0.661385
158.583	0.661343
157.64	0.818443
156.697	0.675544
155.754	0.675502
154.811	0.646888
153.867	0.603989
152.924	0.603946
151.98	0.746761
151.037	0.718148
150.093	0.760962
149.149	0.56092
148.205	0.532307
147.261	0.889407
146.317	0.789365
145.373	0.746465
144.428	0.674995
143.484	1.00352
142.539	0.717767
141.595	0.746296
140.65	0.946254
139.705	0.874783
138.76	0.917598
137.813	1.13184
136.868	0.974656
135.923	1.16033
134.977	1.20314
134.032	1.11739
133.087	1.23163
132.141	1.66016
131.195	1.51726
130.25	1.84579
129.304	1.74575
128.358	2.01713
127.412	2.13138
126.466	2.4599
125.517	2.91701
124.571	2.84553
123.624	2.95978
122.678	3.13116
121.731	3.47398
120.784	3.68822
119.838	3.17389
118.891	2.65957
117.944	3.24524
116.997	2.87377
116.047	2.74515
115.1	2.37368
114.152	2.47364
113.205	2.4736
112.257	2.11641
111.31	2.15923
110.362	1.7449
109.414	1.77343
108.464	1.73053
107.516	1.58763
106.568	1.50187
105.619	1.48754
104.671	1.51607
103.723	1.50174
102.774	1.35884
101.825	1.30166
100.874	1.25876
99.9256	1.41586
98.9766	1.27296
98.0276	1.44435
97.0784	1.20145
96.1292	1.62998
95.1799	1.42993
94.2283	1.72989
93.2788	1.4727
92.3292	1.85838
91.3795	1.87262
90.4296	1.87258
89.4797	2.01539
88.5276	2.17249
87.5775	2.17245
86.6273	2.11526
85.677	1.97236
84.7266	2.05804
83.774	2.04371
82.8234	2.12938
81.8727	1.92934
80.9219	1.50072
79.971	1.40068
79.0201	1.47207
78.0669	1.64345
77.1157	1.42912
76.1644	1.4148
75.2131	1.40047
74.2616	1.329
73.3079	0.986097
72.3563	1.1432
71.4045	0.971726
70.4527	0.91454
69.5007	0.885926
68.5466	1.01445
67.5944	1.08584
66.6422	0.91437
65.6899	0.942898
64.7353	0.971427
63.7828	0.914242
62.8302	0.685628
61.8774	1.0713
60.9246	0.899828
59.9696	1.02836
59.0166	0.771171
58.0635	0.7997
57.1103	0.771086
56.1548	0.785329
55.2014	0.785286
54.2479	0.885243
53.2943	0.670915
52.3385	0.856586
51.3847	0.913687
50.4308	0.970787
49.4769	0.656458
48.5206	0.756416
47.5665	0.742087
46.6122	0.799187
45.6578	0.870573
44.7012	0.799102
43.7467	0.727631
42.792	0.684731
41.8351	0.841831
40.8802	0.713217
39.9253	0.770317
38.9702	0.813131
38.013	0.698802
37.0577	0.684474
36.1024	0.813003
35.1469	0.81296
34.1892	0.727203
33.2336	0.72716
32.2779	0.798546
31.3199	0.769931
30.364	0.912746
29.408	0.741274
28.4497	0.741231
27.4935	0.826903
26.5372	0.82686
25.5807	0.912531
24.6221	0.898203
23.6655	0.769589
22.7088	0.812403
21.7498	0.855217
20.7929	0.898032
19.8359	0.855132
18.8767	1.01223
17.9195	0.912189
16.9622	0.783574
16.0026	1.19782
15.0452	1.29777
14.0876	0.940588
13.1277	1.06912
12.17	1.22622
11.2121	1.21189
10.252	1.1547
9.29388	1.32609
8.33571	1.68319
7.37529	1.75457
6.41692	1.91167
5.45845	3.08306
4.49774	8.14016
3.53908	19.483
2.58032	37.2401
1.61931	93.14
0.660352	199.126
-0.2987	150.354
-1.26001	57.0256
-2.21925	36.7256
-3.18076	24.5827
-4.1402	10.2255
-5.09974	3.88259
-6.06154	2.16826
-7.02128	1.65393
-7.98112	1.55389
-8.94321	1.61099
-9.90324	1.02523
-10.8655	1.15376
-11.8258	1.09657
-12.7861	1.15367
-13.7487	0.9822
-14.7092	1.11073
-15.6698	0.882114
-16.6327	0.953499
-17.5935	0.83917
-18.5566	0.910556
-19.5176	0.85337
-20.4787	0.881898
-21.4421	0.767569
-22.4034	0.738955
-23.367	0.724626
-24.3285	0.724583
-25.2922	0.62454
-26.2539	0.724497
-27.2157	0.710168
-28.1798	0.824411
-29.1418	0.895796
-30.1061	0.724324
-31.0683	0.809996
-32.0306	0.638524
-32.9951	0.795624
-33.9576	0.695581
-34.9224	0.824109
-35.885	0.624066
-36.85	0.752594
-37.8129	0.581122
-38.778	0.695365
-39.7411	0.781036
-40.7043	0.638136
-41.6697	0.552378
-42.6331	0.480907
-43.5988	0.438006
-44.5623	0.795106
-45.5282	0.523634
-46.4919	0.752162
-47.458	0.666405
-48.422	0.63779
-49.3882	0.580604
-50.3524	0.566275
-51.3166	0.737661
-52.2832	0.651903
-53.2476	0.623289
-54.2144	0.70896
-55.179	0.494631
-56.1459	0.65173
-57.1108	0.580258
-58.0779	0.523072
-59.043	0.751601
-60.0103	0.580129
-60.9756	0.708657
-61.9431	0.680042
-62.9086	0.722856
-63.8763	0.751384
-64.8419	0.622769
-65.8098	0.637012
-66.7757	0.779826
-67.7438	0.82264
-68.7099	0.636882
-69.6782	0.751125
-70.6444	0.636796
-71.6129	0.951038
-72.5794	0.708138
-73.5481	0.62238
-74.5147	0.750908
-75.4837	0.893722
-76.4505	0.850821
-77.4196	0.950778
-78.3867	1.05073
-79.356	1.16498
-80.3232	1.17922
-81.2927	1.1506
-82.2602	1.35056
-83.2299	1.43623
-84.1997	1.60762
-85.1674	1.23615
-86.1374	1.47896
-87.1053	1.42177
-88.0756	1.40744
-89.0437	1.23597
-90.0141	1.25021
-90.9824	1.23589
-91.953	1.36441
-92.9216	1.20723
-93.8924	1.1929
-94.8633	1.07857
-95.8321	1.03567
-96.8032	0.935625
-97.7722	0.935581
-98.7435	0.835538
-99.7128	0.878352
-100.684	0.835451
-101.656	0.949693
-102.625	0.792507
-103.597	0.93532
-104.567	0.978134
-105.539	0.835234
-106.509	0.93519
-107.481	0.89229
-108.453	0.949389
-109.424	1.06363
-110.396	1.12073
-111.367	1.04926
-112.339	1.10636
-113.312	1.40631
-114.283	1.39198
-115.256	0.977656
-116.227	1.62047
-117.2	1.60614
-118.173	1.49181
-119.144	1.74891
-120.118	1.52029
-121.089	1.89168
-122.063	2.16306
-123.037	1.76302
-124.009	1.82012
-124.983	1.66293
-125.954	1.50575
-126.929	1.34856
-127.903	1.33423
-128.875	1.07705
-129.85	0.891288
-130.824	1.00553
-131.797	0.734058
-132.772	0.834014
-133.747	0.7054
-134.719	0.733927
-135.694	0.591026
-136.668	0.676697
-137.643	0.590939
-138.618	0.505181
-139.592	0.633709
-140.567	0.505094
-141.543	0.562193
-142.516	0.505007
-143.492	0.519249
-144.468	0.590634
-145.442	0.404876
-146.419	0.447689
-147.395	0.490503
-148.369	0.361888
-149.346	0.447558
-150.322	0.533229
-151.297	0.347471
-152.274	0.490284
-153.25	0.404526
-154.225	0.44734
-155.202	0.318725
-156.18	0.432967
-157.155	0.418637
-158.132	0.461451
-159.11	0.347121
-160.085	0.389935
-161.063	0.375605
-162.041	0.175561
-163.019	0.275518
-163.994	0.218331
-164.973	0.346859
-165.951	0.403958
-166.927	0.303914
-167.905	0.246727
-168.884	0.275255
-169.863	0.189497
-170.839	0.189453
-171.818	0.189409
-172.797	0.246508
-173.774	0.189322
-174.753	0.332135
-175.732	0.232091
-176.711	0.217762
-177.689	0.217718
-178.668	0.174817
-179.648	0.189059
-180.625	0.217587
-181.605	0.246114
-182.585	0.217499
-183.565	0.246026
-184.543	0.303126
-185.523	0.0745102
-186.504	0.288752
-187.484	0.160137
-188.463	0.217236
-189.443	0.260049
-190.424	0.188577
-191.405	0.23139
-192.384	0.174203
-193.365	0.231302
-194.346	0.231258
-195.327	0.216928
-196.306	0.245456
-197.288	0.216841
-198.269	0.131083
-199.251	0.245324
-200.231	0.14528
-201.212	0.188094
-202.194	0.159478
-203.176	0.102291
-204.159	0.173676
-205.139	0.316489
-206.121	0.230731
-207.104	0.216401
-208.086	0.102072
-209.069	0.259171
-210.049	0.230555
-211.032	0.273368
-212.015	0.230467
-212.998	0.287566
-213.979	0.244665
-214.963	0.21605
-215.946	0.144577
-216.93	0.0873901
-217.913	0.258775
-218.897	0.287302
-219.878	0.0872581
-220.862	0.187214
-221.846	0.215741
-222.83	0.201412
-223.815	0.144225
-224.797	0.201324
-225.781	0.258422
-226.766	0.158378
-227.75	0.0440485
-228.735	0.129719
-229.72	0.201103
-230.703	0.101059
-231.688	0.129587
-232.673	0.200971
-233.658	0.215213
-234.643	0.215169
-235.629	0.115124
-236.612	0.21508
-237.598	0.229322
-238.583	0.200706
-239.569	0.186377
-240.555	0.286332
-241.541	0.200574
-242.525	0.286244
-243.511	0.214772
-244.498	0.157585
-245.484	0.114683
-246.471	0.143211
-247.457	0.186024
-248.444	0.100265
-249.431	0.185935
-250.416	0.128748
-251.403	0.0858468
-252.39	0.257231
-253.377	0.300044
-254.365	0
-255.352	0.335715
-256.34	0
-257.327	0.145374
-258.313	0.0478861
-259.301	0.136118
-260.289	0.12435
-261.277	0.241154
-262.265	0.200816
-263.253	0.189049
-264.242	0.277282
-265.23	0.265516
-266.219	0.0394638
-267.205	0.170549
-268.194	0.230212
-269.183	0.132733
-270.172	0.092396
-271.161	0.180631
-272.151	0.183152
-273.14	0.185674
-274.129	0.159624
-275.119	0.24786
-276.108	0.278954
-277.098	0.224333
-278.088	0.169713
-279.076	0.129373
-280.066	0.317611
-281.056	0.23442
-282.046	0.179801
-283.036	0.282325
-284.027	0.270563
-285.017	0.187373
-286.008	0.11847
-286.999	0.178138
-287.99	0.166377
-288.981	0.297474
-289.972	0
-290.963	0.262859
-291.954	0.154289
-292.946	0.288575
-293.937	0.12286
-294.929	0.242859
-295.92	0.191428
-296.91	0.268586
-297.902	0.145725
-298.894	0.122863
-299.886	0
-300.878	0.214286
-301.87	0.142857
-302.863	0.0571429
-303.855	0.142857
-304.848	0.128571
-305.841	0.128571
-306.834	0.1
-307.826	0.0857143
-308.819	0.0285714
-309.813	0.0571428
-310.806	0.0571429
-311.799	0.0714286
-312.793	0.142857
-313.786	0
-314.78	0.174401
-315.774	0.177374
-316.767	0.0946331
-317.761	0.226178
-318.755	0.157723
-319.75	0.11784
-320.744	0.220815
-321.738	0.152361
-322.733	0.126765
-323.727	0.12974
-324.722	0.289859
-325.717	0.107121
-326.712	0.195811
-327.707	0.170216
-328.702	0.158908
-329.697	0.161885
-330.692	0.193434
-331.688	0.224983
-332.683	0.156533
-333.679	0.188083
-334.674	0.26249
-335.67	0.265469
-336.666	0.354163
-337.662	0
-338.661	0.154034
-339.657	0.236647
-340.653	0.204973
-341.65	0.187585
-342.646	0.198768
-343.643	0.238523
-344.64	0.206848
-345.636	0.175173
-346.633	0.186354
-347.631	0.0689642
-348.628	0.0801453
-349.625	0.148469
-350.622	0.116792
-351.62	0.113687
-352.617	0.210581
-353.615	0.0503314
-354.613	0.161511
-355.613	0.244111
-356.611	0.155289
-357.609	0.137896
-358.607	0.091931
-359.606	0.174537
-360.604	0
-361.603	0.142857
-362.601	0.2
-363.6	0.0857143
-364.599	0.0857143
-365.598	0.1
-366.597	0.114286
-367.598	0.242857
-368.597	0.0857143
-369.597	0.1
-370.596	0.0857143
-371.596	0.3
-372.595	0.114286
-373.595	0.114286
-374.595	0.128571
-375.595	0.0285714
-376.595	0.128571
-377.598	0.0571429
-378.598	0.1
-379.598	0.0428571
-380.599	0.128571
-381.599	0.0571429
-382.6	0.128571
-383.601	0.128571
-384.602	0.1
-385.605	0.185714
-386.606	0.128571
-387.608	0.114286
-388.609	0.1
-389.61	0.157143
-390.612	0.1
-391.614	0.157143
-392.618	0.1
-393.619	0.142857
-394.621	0.0714285
-395.623	0.0428571
-396.626	0.128571
-397.628	0.0285714
-398.63	0.157143
-399.635	0
-400.638	0.0333328
-401.64	0.0523805
-402.643	0
-403.646	0.128571
-404.649	0.185714
-405.654	0.0714285
-406.658	0.0428571
-407.661	0.0285714
-408.664	0.0571429
-409.668	0.1
-410.672	0.128571
-411.678	0.157143
-412.682	0.157143
-413.685	0.128571
-414.69	0.257143
-415.694	0.214286
-416.7	0.2
-417.705	0.285714
-418.709	0.142857
-419.714	0.0857143
-420.718	0.185714
-421.723	0
-422.73	0.0997497
-423.735	0.0852142
-424.741	0.113536
-425.746	0.227572
-426.753	0.0558927
-427.759	0.0556429
-428.764	0.126822
-429.77	0.112286
-430.776	0.0977502
-431.784	0.111785
-432.79	0.0972497
-433.796	0.0398568
-434.802	0.139607
-435.808	0.182214
-436.817	0.139106
-437.823	0.267427
-438.83	0.110034
-439.837	0.0954984
-440.846	0.138105
-441.853	0.123569
-442.86	0.223319
-443.867	0.165925
-444.876	0.0228173
-445.884	0.0939955
-446.891	0.0937452
-447.899	0.0649233
-448.908	0.107529
-449.916	0.107279
-450.924	0.121314
-451.932	0.135349
-452.942	0.0779555
-453.951	0.134848
-454.959	0.177454
-455.967	0.177204
-456.978	0.0198097
-457.987	0.0195591
-458.995	0.090737
-460.004	0.0333434
-461.015	0.0759493
-462.024	0.0899842
-463.033	0.0611619
-464.043	0.118054
-465.054	0.0749454
-466.064	0.18898
-467.073	0.160158
-468.085	0.131335
-469.095	0.0882269
-470.105	0.130833
-471.115	0.159154
-472.127	0.130331
-473.137	0.130079
-474.148	0.172686
-475.16	0.0867195
-476.171	0.129326
-477.181	0.114789
-478.192	0.0145375
-479.205	0
-480.216	0.257143
-481.227	0.157143
-482.241	0.0428571
-483.252	0.114286
-484.263	0.171429
-485.277	0.128571
-486.288	0
-487.3	0.0857143
-488.314	0.142857
-489.326	0.1
-490.338	0.0571429
-491.352	0.185714
-492.365	0.228571
-493.377	0.157143
-494.392	0.0571429
-495.404	0.0857143
-496.417	0.0857143
-497.432	0.142857
-498.445	0.142857
-499.458	0.1
-500.473	0.0571429
-501.486	0.2
-502.499	0.185714
-503.515	0.171429
-504.529	0.228571
-505.542	0.214286
-506.558	0.185714
-507.572	0.114286
-508.586	0.157143
-509.602	0.171429
-510.616	0.0285714
-511.63	0.128571
-512.647	0.1
-513.661	0.0571429
-514.678	0.0428571
-515.693	0.1
-516.708	0.142857
-517.725	0.128571
-518.74	0.1
-519.755	0.142857
-520.772	0.1
-521.788	0
-522.805	0.2
-523.821	0.0285714
-524.836	0.0714286
-525.854	0.157143
-526.87	0.185714
-527.888	0.2
-528.905	0.128571
-529.921	0.171429
-530.939	0.1
-531.956	0.0857143
-532.972	0.0428571
-533.991	0.157143
-535.008	0.185714
-536.027	0.242857
-537.044	0.1
-538.063	0.142857
-539.08	0.1
-540.097	0.0857143
-541.117	0
-542.134	0.2
-543.154	0.142857
-544.172	0.1
-545.19	0.0857143
-546.21	0.1
-547.228	0.1
-548.248	0.0428571
-549.266	0.0857143
-550.287	0
-551.305	0.160708
-552.324	0.0928449
-553.345	0.167847
-554.363	0.0856993
-555.384	0.174988
-556.403	0.178555
-557.425	0.139273
-558.444	0.157127
-559.465	0.260703
-560.485	0.178557
-561.504	0.196412
-562.526	0.185703
-563.546	0.189273
-564.568	0.149994
-565.588	0.110707
-566.61	0
-567.63	0.115712
-568.653	0.174285
-569.673	0.104284
-570.696	0.248571
-571.716	0.221427
-572.739	0.208572
-573.76	0.181428
-574.781	0.225712
-575.804	0.241429
-576.825	0
-577.849	0.154659
-578.87	0.0807511
-579.894	0.135409
-580.915	0.190073
-581.939	0.216159
-582.961	0.185107
-583.985	0.25405
-585.007	0.337284
-586.031	0.234798
-587.054	0.189459
-588.078	0.0869724
-589.101	0.184491
-590.125	0.139146
-591.148	0.122379
-592.173	0.177033
-593.196	0.103122
-594.221	0.11492
-595.244	0.169579
-596.269	0.16709
-597.293	0.0931781
-598.318	0.0764028
-599.342	0.159633
-600.368	0
-601.391	0.198574
-602.417	0.197144
-603.441	0.0385746
-604.468	0.222859
-605.494	0.178572
-606.518	0.0771447
-607.545	0.09
-608.569	0.245716
-609.596	0.172856
-610.621	0
-611.648	0.156429
-612.673	0.212859
-613.7	0.140716
-614.725	0.0971456
-615.753	0.210717
-616.778	0.0242894
-617.806	0.13786
-618.833	0.0942883
-619.859	0.207861
-620.887	0.107146
-621.913	0.220718
-622.941	0.020003
-623.967	0.190718
-624.996	0.104288
-626.022	0.189289
-627.051	0.0457164
-628.08	0.145001
-629.106	0.10143
-630.135	0.0864284
-631.162	0
-632.191	0.114671
-633.218	0.100771
-634.248	0.0582992
-635.277	0.101542
-636.305	0.201927
-637.335	0.0451702
-638.362	0.0741267
-639.392	0.103084
-640.422	0.146327
-641.45	0.0609982
-642.48	0.218527
-643.509	0.104627
-644.539	0.105013
-645.57	0.0196848
-646.598	0.077213
-647.629	0.0775993
-648.658	0.0636991
-649.689	0.106943
-650.72	0.121615
-651.749	0.264858
-652.781	0.065244
-653.81	0.0370583
-654.841	0.137445
-655.873	0.123546
-656.903	0.123932
-657.935	0.124318
-658.964	0.110418
-659.997	0.153662
-661.029	0.0969064
-662.059	0.168721
-663.092	0.0691079
-664.124	0.283781
-665.155	0.112738
-666.187	0.198839
-667.22	0.127798
-668.251	0.113899
-669.284	0
-670.315	0
-671.349	0.121429
-672.382	0
-673.414	0.171429
-674.447	0.157143
-675.481	0.142857
-676.513	0.2
-677.547	0.0857143
-678.581	0.157143
-679.613	0.114286
-680.647	0
-681.682	0.155952
-682.714	0.211907
-683.749	0.167859
-684.784	0.195239
-685.816	0.151194
-686.851	0.0928594
-687.886	0.0630965
-688.919	0.104765
-689.955	0.117859
-690.99	0.102381
-692.023	0.101192
-693.059	0
-694.095	0.124999
-695.129	0.0642904
-696.165	0.0892882
-697.201	0
-698.235	0.129997
-699.271	0.188569
-700.307	0.0328552
-701.344	0.162856
-702.378	0.0642822
-703.415	0.0799976
-704.452	0.0385702
-705.487	0.0542826
-706.524	0.112856
-707.561	0
-708.596	0.157126
-709.634	0
-710.671	0.254285
-711.709	0.222855
-712.744	0.120003
-713.782	0.160002
-714.82	0
-715.856	0.258331
-716.894	0.0452359
-717.933	0.189284
-718.971	0.190475
-720.007	0.0916635
-721.046	0.0928549
-722.085	0.0940464
-723.121	0.109521
-724.16	0.0535697
-725.2	0.211904
-726.239	0.184525
-727.276	0
-728.315	0.126709
-729.355	0.0819899
-730.395	0.13727
-731.432	0.235412
-732.472	0.219263
-733.512	0.174543
-734.552	0.115537
-735.59	0.113678
-736.63	0.0546711
-737.671	0.0956644
-738.711	0.222372
-739.75	0.149083
-740.79	0.247219
-741.831	0.202497
-742.871	0.0863483
-743.912	0.113055
-744.953	0.125475
-745.994	0.252183
-747.035	0.193175
-748.075	0.205597
-749.117	0.0608735
-750.158	0.0590092
-751.2	0
-752.24	0.0742824
-753.283	0.0771398
-754.324	0.122851
-755.366	0.182852
-756.408	0.0571391
-757.45	0.17428
-758.492	0.148568
-759.534	0.179995
-760.577	0.139997
-761.62	0
-762.662	0.281637
-763.705	0.177554
-764.747	0.144904
-765.791	0.126535
-766.834	0.108165
-767.877	0.0612276
-768.921	0
-769.963	0.0892831
-771.007	0.164285
-772.051	0.153573
-773.094	0
-774.139	0.128571
-775.183	0.0999999
-776.227	0.142857
-777.271	0.0714286
-778.316	0.0571429
-779.36	0.0428571
-780.405	0.0571429
-781.449	0
-782.494	0.142857
-783.539	0.0714286
-784.584	0.214286
-785.629	0.1
-786.675	0.0428571
-787.719	0.128571
-788.765	0.0428571
-789.811	0.185714
-790.857	0.0714286
-791.903	0.114286
-792.949	0.0857143
-793.995	0.142857
-795.041	0.185714
-796.087	0.0857143
-797.134	0.0571429
-798.18	0.0857143
-799.227	0.171429
-800.274	0.0714286
-801.321	0.0857143
-802.368	0.114286
-803.415	0.0857143
-804.463	0.171429
-805.51	0.114286
-806.557	0.0857143
-807.605	0.128571
-808.653	0.128571
-809.701	0.142857
-810.748	0.157143
-811.796	0.0857143
-812.845	0.171429
-813.893	0.0428571
-814.941	0.0714286
-815.99	0.0714286
-817.039	0.271429
-818.088	0.0571429
-819.136	0.0571429
-820.185	0.114286
-821.234	0.114286
-822.284	0.171429
-823.333	0.142857
-824.382	0.128571
-825.432	0.171429
-826.482	0.0857143
-827.532	0.171429
-828.582	0.2
-829.631	0.0285714
-830.681	0.114286
-831.732	0.0857143
-832.783	0.171429
-833.833	0.1
-834.884	0.2
-835.934	0.185714
-836.985	0
-838.036	0.115037
-839.087	0.115788
-840.139	0.202254
-841.19	0.174434
-842.242	0.103757
-843.292	0.147365
-844.344	0.133831
-845.396	0.0917257
-846.448	0.178192
-847.5	0.19323
-848.553	0.0511245
-849.605	0.0947337
-850.658	0.209772
-851.709	0.0819517
-852.762	0.111275
-853.815	0.154885
-854.868	0.127066
-855.921	0.127819
-856.974	0
-858.027	0.17755
-859.081	0.112244
-860.134	0.204081
-861.188	0.12449
-862.241	0.302036
-863.294	0.0795887
-864.348	0
-865.402	0.256328
-866.457	0.141227
-867.511	0.168984
-868.565	0.182454
-869.62	0.153068
-870.675	0.266538
-871.729	0.194294
-872.784	0.207765
-873.839	0.121235
-874.895	0.191848
-875.95	0.148175
-877.005	0.133073
-878.061	0.132257
-879.116	0.145727
-880.172	0.202054
-881.228	0.215524
-882.284	0.0718502
-883.34	0.242462
-884.396	0.184503
-885.452	0.140829
-886.508	0.197156
-887.565	0.153482
-888.621	0.166951
-889.678	0.237563
-890.735	0.108174
-891.792	0.107357
-892.849	0.192254
-893.906	0.134294
-894.963	0.104906
-896.021	0.161231
-897.078	0.103271
-898.136	0.188167
-899.194	0.130207
-900.251	0.0722464
-901.309	0
-902.367	0.0660735
-903.426	0.103575
-904.484	0.112504
-905.542	0.0785759
-906.601	0.0732187
-907.659	0.167861
-908.718	0.205359
-909.777	0
-910.837	0.143506
-911.896	0.158441
-912.956	0.101946
-914.015	0.145452
-915.074	0.131815
-916.134	0.103893
-917.194	0.104542
-918.253	0.148048
-919.313	0.120126
-920.373	0.106489
-921.435	0.0642819
-922.495	0.0363597
-923.555	0.108438
-924.616	0.0662299
-925.676	0.152594
-926.737	0.124672
-927.798	0.139607
-928.859	0.125971
-929.921	0.0266217
-930.982	0.155843
-932.043	0.113636
-933.105	0
-934.166	0
-935.228	0.199406
-936.289	0.255954
-937.352	0.141073
-938.414	0.254764
-939.476	0.225598
-940.539	0.0678608
-941.601	0.15298
-942.663	0.166671
-943.727	0.15179
-944.79	0.122624
-945.852	0.164886
-946.915	0.278576
-947.978	0.14941
-949.042	0.105957
-950.106	0.148219
-951.169	0.204766
-952.232	0.161314
-953.296	0.0607182
-954.361	0.160122
-955.425	0.0452407
-956.489	0.158931
-957.553	0.144049
-958.618	0.100596
-959.682	0
-960.746	0.280953
-961.811	0.0619052
-962.875	0
-963.941	0.161906
-965.006	0.0809508
-966.071	0.128567
-967.136	0.119041
-968.203	0.109521
-969.268	0.157138
-970.333	0.1619
-971.4	0.223809
-972.465	0
-973.531	0.23929
-974.597	0.235722
-975.664	0.217864
-976.73	0.20001
-977.796	0.0964414
-978.864	0.12144
-979.93	0.21787
-980.997	0.2143
-982.064	0.125015
-983.132	0.0785835
-984.198	0.160727
-985.265	0.0428692
-986.334	0.210722
-987.401	0.135721
-988.468	0.175005
-989.537	0
-990.604	0.157143
-991.672	0.114286
-992.741	0.228571
-993.809	0.142857
-994.877	0.114286
-995.947	0.142857
-997.015	0.1
-998.083	0.0285714
-999.153	0.0428572
-1000.22	0.0428571
-1001.29	0.0857143
-1002.36	0.0714285
-1003.43	0.185714
-1004.5	0
-1005.57	0.149999
-1006.64	0
-1007.71	0.0410708
-1008.78	0.110715
-1009.85	0.123216
-1010.92	0.0928577
-1011.99	0.0625012
-1013.06	0.189285
-1014.13	0.116071
-1015.2	0
-1016.27	0.128571
-1017.34	0.114286
-1018.41	0.171429
-1019.48	0.114286
-1020.56	0.142857
-1021.63	0
-1022.7	0.1
-1023.77	0.0857143
-1024.84	0.142857
-1025.91	0.0571429
-1026.99	0.114286
-1028.06	0.0428571
-1029.13	0.128571
-1030.2	0.0142857
-1031.28	0.1
-1032.35	0.1
-1033.42	0.171429
-1034.49	0.0714286
-1035.57	0.171429
-1036.64	0
-1037.71	0.114286
