932.418	1.1495
931.556	0
930.693	0.736211
929.831	0.615278
928.968	0.36577
928.105	0.359118
927.241	0.295274
926.378	0.302903
925.515	0.281959
924.652	0.161012
923.788	0.168635
922.925	0.2334
922.062	0.212449
921.199	0.177209
920.335	0.0419661
919.471	0.17815
918.606	0
917.742	0.142857
916.878	-0.0142857
916.014	0.0714286
915.15	0.171429
914.286	0.142857
913.422	0.0571429
912.558	0.142857
911.692	0.114286
910.827	0.1
909.963	0.1
909.098	0.171429
908.234	0.0428571
907.369	0.214286
906.504	-0.0142857
905.637	0
904.772	0.0714286
903.907	0.114286
903.042	0.0857143
902.177	0.171429
901.311	0.1
900.444	0.185714
899.578	0.114286
898.713	0.157143
897.847	0.0857143
896.982	0.1
896.116	0
895.248	0.129965
894.382	0.11707
893.516	0.01846
892.65	0.162708
891.783	0.235527
890.915	0.0797784
890.049	0.166884
889.182	0.111132
888.315	0.141095
887.449	0.142486
886.58	0.0724526
885.713	0.230987
884.846	0.160951
883.979	0.119485
883.112	0.0780204
882.243	0.122273
881.376	0.10938
880.509	0.153629
879.641	0.197879
878.772	0.299275
877.904	0.0578109
877.036	0.202061
876.169	0.146312
875.299	0.0477081
874.431	0.249102
873.563	0.121924
872.695	0.137603
871.825	0.124715
870.956	0.197537
870.088	0.27036
869.22	0.228897
868.349	0.173152
867.481	0.217404
866.612	0.133084
865.743	0.177336
864.872	0.107306
864.003	0.237272
863.134	0.181525
862.265	0.168634
861.394	0.227176
860.525	0
859.655	0.269503
858.784	0.21043
857.914	0.0656465
857.045	0.249435
856.175	0.318937
855.303	0.174148
854.434	0.172222
853.564	0.156009
852.692	0.254077
851.821	0.123578
850.951	0.164508
850.081	0.176866
849.209	0.0177909
848.338	0.15872
847.468	0.12822
846.595	0.126287
845.724	0.0672156
844.854	0.208144
843.981	0.120496
843.11	0.0899954
842.239	0.102352
841.366	0.128989
840.494	0.184202
839.623	0.082272
838.75	0.13748
837.878	0.0498356
837.007	0.0621907
836.133	0.231684
835.261	0.0726104
834.39	0.0992506
833.516	0.0116007
832.644	0.138241
831.772	0.079166
830.898	0.120087
830.025	0.146726
829.151	0.201932
828.279	0
827.406	0.0709534
826.532	0.0561915
825.659	0.141431
824.786	0.140955
823.911	0.140479
823.038	0.154289
822.163	0.125242
821.29	0.153338
820.417	0.0385765
819.542	0.0380999
818.669	0.0519101
817.793	0.122862
816.92	-0.0490423
816.046	0.150482
815.17	0.0928623
814.297	0.0923865
813.421	-0.00809035
812.547	0.0485766
811.673	0.119529
810.797	0.161909
809.923	0.0900048
809.046	0.118099
808.172	-0.0395199
807.298	0.131433
806.421	0.0738124
805.547	0.0876218
804.67	0.0442874
803.795	0.100954
802.918	0.114762
802.043	0
801.168	0.000678897
800.291	0.129931
799.416	0.116324
798.539	0.0884333
797.663	0.146255
796.786	0.118365
795.91	0.0619011
795.033	0.205439
794.157	0.106118
793.279	0.178228
792.403	0.150336
791.527	0.13673
790.649	0.10884
789.773	0.138091
788.895	0.053058
788.018	0.0680236
787.14	-0.00272349
786.264	0.0550993
785.385	0.0129239
784.508	0.113604
783.63	0
782.753	0.201678
781.874	0.0176448
780.997	0.133608
780.118	0.049576
779.241	0.0655399
778.362	-0.00420648
777.484	0.140329
776.605	0.0562975
775.727	0.072262
774.848	0.216802
773.97	0.0756242
773.09	0.177307
772.212	0.107558
771.332	0.0520989
770.454	0.168065
769.574	0.0697483
768.696	0
767.816	0.242286
766.937	0.02743
766.057	0.141144
765.176	0.0977157
764.298	0.111431
763.417	0.0537166
762.538	0.196003
761.657	0.152575
760.778	0.152004
759.897	0.151432
759.018	0.0794331
758.137	0.136004
757.258	0.0211476
756.376	0.134861
755.495	0.0771463
754.615	0.119433
753.734	0.0760032
752.854	0.132575
751.972	0.217717
751.092	0.188574
750.21	0.130859
749.328	-0.0268562
748.448	0.144001
747.566	0.0577143
746.685	0
745.803	0.0851651
744.92	0.0274729
744.04	0.198353
743.157	0.0835181
742.276	0.111541
741.393	0.053849
740.511	0.153299
739.63	0.0384653
738.746	0.166487
737.865	0.165939
736.982	0.179674
736.099	0.0934103
735.217	0.207147
734.333	-0.00768828
733.452	0.163191
732.568	0.13407
731.684	0.104948
730.802	0.0901138
729.918	-0.0390078
729.034	0.103299
728.152	0.0884643
727.268	0.187914
726.386	0.158793
725.501	0.0439571
724.617	0.171978
723.734	0
722.85	0.0154764
721.965	0.030953
721.082	0.0892842
720.197	0.147618
719.312	-0.0797622
718.429	0.178569
717.544	0.0940464
716.658	0.0238095
715.775	0.110713
714.89	0.0547616
714.004	0.0988106
713.12	0
712.235	0.0878566
711.349	0.0471419
710.465	0.0349942
709.579	0.122851
708.693	0.210709
707.809	0.141419
706.923	0.114991
706.036	0.0885633
705.15	0.0764216
704.265	0.107132
703.379	0.0949911
702.492	0.197136
701.607	0.213561
700.721	0.144278
699.834	0.232137
698.949	0.177135
698.062	0.0649951
697.174	0.0528553
696.287	0.183573
695.402	0
694.514	0.182654
693.627	0.0938782
692.739	0.0336742
691.853	0.287762
690.966	-0.101014
690.078	0.267352
689.192	0.192868
688.304	0.118377
687.416	0.158171
686.527	0.126536
685.641	0.166336
684.753	0.0347005
683.864	0.231636
682.976	0
682.089	0.143649
681.2	0.0301565
680.311	0.159521
679.422	0.0174579
678.535	0.0896784
677.646	0.119044
676.757	0.119837
675.868	0.220631
674.979	0.092854
674.091	0.122218
673.202	0.0801547
672.312	0.10952
671.422	0.0388861
670.534	0.196822
669.644	0.240473
668.755	0.126982
667.864	0.18492
666.974	0
666.086	0.0714286
665.196	0.142857
664.305	0.0428572
663.415	0.114286
662.524	0.157143
661.636	0.0714285
660.745	0.157143
659.854	0.114286
658.963	-0.0142857
658.072	0.1
657.181	0.157143
656.292	0.128571
655.4	0
654.509	0.142422
653.618	0.256272
652.726	0.170123
651.836	0.0982596
650.945	0.0835384
650.053	0.0973885
649.161	0.196953
648.269	0.139375
647.377	0.138939
646.485	0.0956461
645.595	0.0809257
644.702	0.0376328
643.81	0.165768
642.917	0.10819
642.025	0.207754
641.132	0.121604
640.239	0.149739
639.348	0.249304
638.455	0.163154
637.562	0.105575
636.669	0.0908528
635.776	0.176131
634.883	0.104266
633.989	0.10383
633.096	0.217679
632.204	0.160101
631.311	0.102522
630.417	0.102085
629.523	0.0873631
628.629	0.158355
627.735	0.129347
626.841	0.0574819
625.947	0.171331
625.053	0.156608
624.16	0.0990298
623.266	0.127165
622.371	0.0981562
621.477	0.0405765
620.582	0.24014
619.687	0.139703
618.792	0.139266
617.897	0.124543
617.002	0.0526772
616.107	0.15224
615.212	0.108946
614.316	0.0656513
613.421	0.122357
612.528	0.0790634
611.632	0.121483
610.736	0.0924744
609.841	0.0777512
608.945	0.0773138
608.049	-0.008838
607.153	0.0335816
606.257	0.0902868
605.36	0.0755634
604.464	0.103697
603.568	0.0889737
602.671	0.145679
601.775	0.0595267
600.878	0.0305174
599.981	0.0872223
599.084	-0.0275014
598.188	0.0577749
597.291	0.143051
596.393	0.114042
595.496	0.185032
594.599	0.027451
593.702	0.0698699
592.804	0.169432
591.907	0.140422
591.009	0.0971265
590.111	0.168117
589.213	0.0676782
588.316	0.0958112
587.418	0.166801
586.52	0.0949341
585.621	0.0944955
584.723	0.0797712
583.825	0.0364753
582.926	0.107465
582.028	0.0355978
581.129	0.120873
580.231	0.0490058
579.332	0.119995
578.433	0.0195565
577.534	0.047689
576.635	0.0901071
575.736	0.0610965
574.837	0.174943
573.937	0.0745039
573.038	0.159779
572.138	0.0879112
571.239	0.0731862
570.339	0.0584612
569.439	0.115165
568.54	0.0290109
567.64	0
566.74	0.130157
565.839	0.103172
564.939	0.147615
564.039	0.134915
563.139	0.0365018
562.238	0.109517
561.338	0.0682465
560.435	0.0984084
559.534	-4.52995e-006
558.633	0.173011
557.732	-0.0111157
556.831	0.0761861
555.93	0.134917
555.029	0.165076
554.128	-0.0333363
553.227	0.153966
552.325	0.0984116
551.424	0
550.522	0.170749
549.618	0.0986397
548.716	0.0265316
547.815	0.240138
546.913	0.039458
546.01	0.253064
545.108	0.109527
544.206	0.108847
543.304	0.16531
542.401	0.207487
541.499	0.0639502
540.594	0.134697
539.691	0.00544548
538.789	0.0761938
537.886	0.146942
536.983	0.146262
536.08	0.0741526
535.177	0.0734721
534.273	0.101363
533.368	0.000680715
532.465	0
531.561	0.0438086
530.658	0.00190297
529.754	0.174283
528.85	-0.0247651
527.946	-0.0238133
527.04	0.0914264
526.136	0.0638071
525.232	0.0647591
524.328	0.179997
523.424	0.0666636
522.519	0.196187
521.613	0.182856
520.708	0.155237
519.803	0.0990472
518.899	0
517.994	0.0444423
517.089	0.10317
516.182	0.104759
515.277	0.106345
514.372	0.207931
513.466	0.0238027
512.561	0.182532
511.653	0.0841215
510.748	0.142851
509.842	0.0872945
508.936	0.131738
508.031	0.133325
507.125	0.0920552
506.217	0.150789
505.311	0.0238048
504.404	0.211107
503.498	-0.00159138
502.59	0
501.683	0.185714
500.777	0.185714
499.87	0.142857
498.963	0.0857143
498.054	0.1
497.148	0.157143
496.241	0.0428571
495.333	0.0857143
494.424	0.185714
493.517	0.0428571
492.61	0.185714
491.702	0.171429
490.795	-0.114286
489.885	0
488.977	0.11488
488.069	0.215474
487.161	0.230354
486.251	0.13095
485.343	0.174402
484.435	0.132139
483.527	0.289876
482.617	0.0333295
481.708	0.176781
480.8	0.220233
479.891	0.106542
478.98	0.121424
478.071	0.150591
477.163	0.0369
476.251	0.0803535
475.342	0.252377
474.433	0.295829
473.524	0.21071
472.613	0.182736
471.703	0.126188
470.794	0.112498
469.882	0.22738
468.972	0.185119
468.063	0
467.153	0.213641
466.241	0.141565
465.331	0.198063
464.42	0.283132
463.508	0.153913
462.598	0.167553
461.687	0.124051
460.775	0.151975
459.864	0.122758
458.953	0.136398
458.041	0.13575
457.13	0.206533
456.219	0.234458
455.306	0.148097
454.395	0.204593
453.483	0.132519
452.57	0.160442
451.658	0.174082
450.747	0.15915
449.833	0.144216
448.922	0.129284
448.01	0.100066
447.096	0.313703
446.184	0.227342
445.272	0.0981242
444.358	0.154619
443.445	0.1254
442.533	0.124753
441.619	0.124105
440.706	0.123458
439.793	0.151382
438.879	0.122162
437.966	0.0500862
437.051	0.149437
436.138	0.205933
435.225	0.0481426
434.31	0.0617792
433.397	0.218275
432.483	0.0890554
431.568	0.216978
430.654	0.102044
429.739	0.115681
428.825	0.100747
427.911	0.12867
426.995	0.128021
426.081	0.141658
425.165	0.0695802
424.251	0.211789
423.337	0.168284
422.42	0.167634
421.506	0.195557
420.589	0.180621
419.675	0.0656868
418.76	0.165038
417.843	0.135816
416.928	0.0780249
416.011	0.105946
415.096	0.119583
414.181	0.13322
413.264	0.0897121
412.348	0.160491
411.431	0.145555
410.515	0.187763
409.598	0.172827
408.682	0.200749
407.764	0.114383
406.848	0.270877
405.932	0.12737
405.014	0.141005
404.098	0.12607
403.18	0.039704
402.263	0.124768
401.345	0.295546
400.428	0.08061
399.51	-0.00575566
398.593	0.150737
397.674	0.107228
396.757	0.178007
395.84	0.0773565
394.921	0.148133
394.004	0.176054
393.085	0.175402
392.167	0.217609
391.248	0.131243
390.33	0.144878
389.411	0.0585113
388.493	0.143575
387.573	0.100065
386.655	0.0422716
385.735	0.0559049
384.817	0.0552539
383.897	0.183173
382.978	0.0682358
382.058	0.0961546
381.14	0.0812176
380.219	0.0948504
379.3	0.051342
378.38	0.122118
377.461	0.0500374
376.54	0.149384
375.621	0.0915897
374.7	0.0766508
373.78	0.133142
372.859	0.0896314
371.94	0.117551
371.018	0.0597545
370.099	0.0876739
369.177	0.18702
368.255	0.143509
367.335	0
366.413	0.185774
365.493	0.114406
364.571	0.228752
363.651	0.114526
362.729	0.243158
361.808	0.114646
360.886	0.114706
359.965	0.171909
359.042	0.0433979
358.12	0.272029
357.199	0.186375
356.276	0.200721
355.355	0.0722097
354.432	0.115127
353.51	0.129473
352.587	0.0723902
351.663	0.129593
350.742	0.0439391
349.818	0.115428
348.897	0.144059
347.973	0.129834
347.051	0.14418
346.127	0.229954
345.203	0.130014
344.281	0.14436
343.356	0.0872778
342.434	0.187338
341.51	0.258827
340.585	0.244601
339.663	0.187519
338.738	0.187579
337.815	0.101925
336.89	0.0876994
335.965	0.159188
335.042	0.00210556
334.117	0.173594
333.191	0.159369
332.268	0.0880007
331.343	0.088061
330.419	0.202407
329.493	0.273896
328.568	0.0596706
327.644	0.102588
326.718	0.102648
325.792	0.245566
324.868	0.0884832
323.941	0.217115
323.017	0.174318
322.091	0.117236
321.164	0.117296
320.24	0.160214
319.313	0.203131
318.386	0.131763
317.461	0.117538
316.534	0.189027
315.607	0.117658
314.682	0.0320045
313.755	0.146351
312.828	0.274983
311.902	0.0179
310.975	0.189389
310.047	0.203735
309.121	0.132367
308.194	0.203856
307.266	0.146774
306.34	0.246834
305.412	0.232609
304.483	0.218384
303.557	0.118444
302.629	0.161362
301.7	0.147137
300.774	0.20434
299.845	0.2044
298.917	0.17589
297.988	0.104522
297.061	0.133153
296.132	0.304643
295.203	0.204703
294.276	0.104764
293.346	0.147681
292.417	0.233456
291.487	0.0763739
290.56	0.147863
289.63	0.290781
288.7	0.147984
287.773	0.105188
286.843	0.190963
285.913	0.205309
284.982	0.248227
284.054	0.20543
283.124	0.134062
282.193	0.148409
281.263	0.191326
280.334	0.105673
279.404	0.262876
278.473	0.148651
277.542	0.177283
276.613	0.320201
275.682	0.305976
274.751	0.220322
273.819	0.36324
272.89	0.120444
271.959	0.263362
271.027	0.291994
270.096	0.120626
269.166	0.349258
268.234	0.192176
267.302	0.292237
266.37	0.263726
265.44	0.235215
264.508	0.249562
263.576	0.306765
262.643	0.249683
261.711	0.378315
260.78	0.26409
259.847	0.378437
258.915	0.321355
257.982	0.349987
257.051	0.521476
256.118	0.364394
255.185	0.350169
254.252	0.407373
253.318	0.293148
252.387	0.321781
251.453	0.236127
250.52	0.321902
249.586	0.250534
248.652	0.350595
247.718	0.236371
246.786	0.293574
245.852	0.507921
244.918	0.422267
243.984	0.465186
243.049	0.479532
242.117	0.408164
241.182	0.408225
240.248	0.265429
239.313	0.56549
238.378	0.651265
237.443	0.737041
236.51	0.479959
235.575	0.537162
234.64	0.637223
233.705	0.522999
232.769	0.72306
231.834	0.580263
230.898	0.851753
229.965	0.680385
229.029	0.651875
228.093	0.566222
227.157	0.737711
226.221	0.737772
225.285	0.68069
224.348	0.595037
223.414	0.466527
222.478	0.623731
221.541	0.523792
220.605	0.752424
219.668	0.609628
218.731	0.709689
217.794	0.681179
216.857	0.595526
215.92	0.467015
214.985	0.524219
214.048	0.52428
213.11	0.581484
212.173	0.638688
211.235	0.524464
210.297	0.53881
209.36	0.724586
208.422	0.567504
207.484	0.610422
206.546	0.410484
205.61	0.639116
204.671	0.482034
203.733	0.539238
202.795	0.553585
201.856	0.439361
200.918	0.353708
199.979	0.48234
199.04	0.468116
198.101	0.568177
197.162	0.668238
196.223	0.5683
195.284	0.611218
194.345	0.539851
193.407	0.41134
192.468	0.439973
191.528	0.497177
190.589	0.42581
189.649	0.425871
188.709	0.640218
187.769	0.554565
186.829	0.426055
185.889	0.711831
184.949	0.68332
184.008	0.55481
183.068	0.6263
182.127	0.59779
181.187	0.754994
180.246	0.597913
179.305	0.755117
178.364	0.698035
177.423	0.612382
176.482	0.698158
175.541	0.712505
174.6	0.655424
173.658	0.712628
172.717	0.384118
171.775	0.884179
170.834	0.769955
169.892	0.798588
168.95	0.841506
168.008	0.855853
167.066	0.884486
166.124	0.784548
165.182	0.656038
164.239	0.713242
163.297	0.799018
162.354	0.913365
161.412	0.684855
160.469	0.813488
159.526	1.01355
158.583	0.885039
157.64	0.927958
156.697	0.928019
155.754	1.05665
154.811	0.956714
153.867	0.899633
152.924	1.08541
151.98	0.88547
151.037	1.12839
150.093	0.914164
149.149	1.21423
148.205	1.1
147.261	0.985778
146.317	1.25727
145.373	1.1859
144.428	1.14311
143.484	1.30031
142.539	1.08609
141.595	1.34329
140.65	1.44335
139.705	1.54341
138.76	1.18633
137.813	1.17211
136.868	1.51503
135.923	1.32937
134.977	1.41515
134.032	1.51521
133.087	1.75813
132.141	1.80105
131.195	1.98683
130.25	1.98689
129.304	2.37266
128.358	2.44415
127.412	2.68707
126.466	2.55856
125.517	2.97291
124.571	2.87297
123.624	3.41589
122.678	3.55881
121.731	3.71601
120.784	3.70179
119.838	3.53042
118.891	3.37334
117.944	3.73055
116.997	3.45918
116.047	3.38781
115.1	3.73073
114.152	2.88794
113.205	3.44514
112.257	3.10235
111.31	3.33098
110.362	3.58818
109.414	3.1311
108.464	3.17402
107.516	3.4598
106.568	3.44557
105.619	3.80278
104.671	3.93141
103.723	4.08862
102.774	3.96011
101.825	4.86017
100.874	5.10309
99.9256	5.31744
98.9766	5.90321
98.0276	6.58899
97.0784	7.53191
96.1292	8.33197
95.1799	9.80346
94.2283	11.1178
93.2788	12.0322
92.3292	13.4036
91.3795	15.118
90.4296	16.5895
89.4797	17.6467
88.5276	18.2182
87.5775	19.8611
86.6273	20.304
85.677	19.9469
84.7266	18.9899
83.774	18.9328
82.8234	17.3614
81.8727	14.4758
80.9219	13.833
79.971	12.2759
79.0201	10.9617
78.0669	9.476
77.1157	9.20464
76.1644	7.93327
75.2131	6.70476
74.2616	6.49054
73.3079	5.90489
72.3563	5.31923
71.4045	4.84787
70.4527	4.5765
69.5007	4.17656
68.5466	4.37662
67.5944	3.61954
66.6422	3.97675
65.6899	3.53395
64.7353	3.37687
63.7828	3.41979
62.8302	2.96271
61.8774	3.17706
60.9246	3.47712
59.9696	3.07718
59.0166	2.90582
58.0635	2.80588
57.1103	2.52023
56.1548	2.34886
55.2014	2.67749
54.2479	2.66327
53.2943	2.66333
52.3385	2.60625
51.3847	2.14917
50.4308	2.24923
49.4769	2.19215
48.5206	2.2065
47.5665	2.02085
46.6122	1.94948
45.6578	2.04955
44.7012	1.94961
43.7467	2.0211
42.792	1.90687
41.8351	2.12122
40.8802	2.23557
39.9253	1.82135
38.9702	2.22141
38.013	2.2929
37.0577	2.09296
36.1024	2.25017
35.1469	2.12166
34.1892	2.35029
33.2336	2.27893
32.2779	2.09327
31.3199	2.09334
30.364	2.33626
29.408	2.30775
28.4497	2.49352
27.4935	2.36502
26.5372	2.16508
25.5807	2.13657
24.6221	1.93663
23.6655	2.02241
22.7088	2.1939
21.7498	2.19396
20.7929	2.36545
19.8359	2.09409
18.8767	2.10843
17.9195	2.39421
16.9622	2.29427
16.0026	2.40862
15.0452	2.48011
14.0876	2.68018
13.1277	2.70881
12.17	2.86601
11.2121	2.92322
10.252	3.19471
9.29388	3.40906
8.33571	3.70912
7.37529	3.7949
6.41692	4.19496
5.45845	5.96645
4.49774	10.1665
3.53908	18.6237
2.58032	33.8238
1.61931	97.0381
0.660352	206.995
-0.2987	164.024
-1.26001	74.024
-2.21925	55.8955
-3.18076	43.8956
-4.1402	19.0385
-5.09974	8.41
-6.06154	3.8672
-7.02128	3.49584
-7.98112	3.36733
-8.94321	3.53882
-9.90324	3.29602
-10.8655	2.82466
-11.8258	2.46758
-12.7861	2.36764
-13.7487	2.48199
-14.7092	2.18205
-15.6698	2.35354
-16.6327	2.19646
-17.5935	2.18224
-18.5566	2.23945
-19.5176	1.93951
-20.4787	2.211
-21.4421	2.12535
-22.4034	1.95398
-23.367	2.18262
-24.3285	1.81125
-25.2922	2.05417
-26.2539	1.86852
-27.2157	1.9543
-28.1798	1.89722
-29.1418	1.88299
-30.1061	2.2402
-31.0683	1.96883
-32.0306	1.91175
-32.9951	2.01182
-33.9576	1.82616
-34.9224	2.06908
-35.885	1.89772
-36.85	1.9835
-37.8129	1.79784
-38.778	1.79791
-39.7411	1.85511
-40.7043	1.7266
-41.6697	1.8981
-42.6331	1.68387
-43.5988	1.69822
-44.5623	1.51257
-45.5282	1.71263
-46.4919	1.52698
-47.458	1.7699
-48.422	1.88425
-49.3882	1.44146
-50.3524	1.47009
-51.3166	1.64158
-52.2832	1.85593
-53.2476	1.95599
-54.2144	2.09891
-55.179	1.99898
-56.1459	2.05618
-57.1108	1.91339
-58.0779	1.95631
-59.043	2.28494
-60.0103	2.22786
-60.9756	2.29935
-61.9431	2.54228
-62.9086	2.45662
-63.8763	2.58526
-64.8419	2.49961
-65.8098	2.78538
-66.7757	2.74259
-67.7438	2.75694
-68.7099	3.02843
-69.6782	3.14278
-70.6444	3.75713
-71.6129	3.70005
-72.5794	3.87154
-73.5481	4.01446
-74.5147	4.30024
-75.4837	4.95744
-76.4505	5.37179
-77.4196	5.68614
-78.3867	6.7862
-79.356	7.7577
-80.3232	8.18633
-81.2927	9.17211
-82.2602	11.0007
-83.2299	11.3579
-84.1997	13.0152
-85.1674	13.4009
-86.1374	13.8581
-87.1053	13.4582
-88.0756	12.4297
-89.0437	12.2726
-90.0141	11.087
-90.9824	10.8156
-91.953	9.10138
-92.9216	8.0443
-93.8924	7.33007
-94.8633	6.60156
-95.8321	6.1302
-96.8032	5.05883
-97.7722	4.48747
-98.7435	3.90182
-99.7128	3.41617
-100.684	3.15909
-101.656	2.85915
-102.625	2.65921
-103.597	2.63071
-104.567	2.23077
-105.539	2.14512
-106.509	2.05947
-107.481	2.07382
-108.453	2.15959
-109.424	1.88823
-110.396	2.00258
-111.367	1.73121
-112.339	1.75985
-113.312	1.84562
-114.283	2.05997
-115.256	1.71718
-116.227	2.21724
-117.2	1.94588
-118.173	2.10308
-119.144	1.87458
-120.118	1.90321
-121.089	1.98899
-122.063	2.11762
-123.037	2.01769
-124.009	1.73204
-124.983	2.08924
-125.954	1.57502
-126.929	1.6608
-127.903	1.28943
-128.875	1.14664
-129.85	1.27527
-130.824	1.17534
-131.797	1.06112
-132.772	1.20404
-133.747	0.861242
-134.719	1.03273
-135.694	0.76137
-136.668	0.747147
-137.643	0.918639
-138.618	0.675846
-139.592	0.818766
-140.567	0.875973
-141.543	0.704608
-142.516	0.618957
-143.492	0.747592
-144.468	0.804799
-145.442	0.590577
-146.419	0.619211
-147.395	0.519275
-148.369	0.562196
-149.346	0.56226
-150.322	0.576609
-151.297	0.648101
-152.274	0.519593
-153.25	0.533943
-154.225	0.591149
-155.202	0.476927
-156.18	0.462705
-157.155	0.69134
-158.132	0.577118
-159.11	0.505753
-160.085	0.548674
-161.063	0.491595
-162.041	0.405944
-163.019	0.53458
-163.994	0.3775
-164.973	0.477564
-165.951	0.377628
-166.927	0.420549
-167.905	0.349184
-168.884	0.377819
-169.863	0.349312
-170.839	0.492232
-171.818	0.306582
-172.797	0.335217
-173.774	0.449567
-174.753	0.463916
-175.732	0.392551
-176.711	0.435472
-177.689	0.264108
-178.668	0.464171
-179.648	0.307092
-180.625	0.307156
-181.605	0.350077
-182.585	0.278713
-183.565	0.207348
-184.543	0.364554
-185.523	0.278904
-186.504	0.364682
-187.484	0.264746
-188.463	0.193382
-189.443	0.307731
-190.424	0.307795
-191.405	0.265002
-192.384	0.293637
-193.365	0.236558
-194.346	0.293765
-195.327	0.193829
-196.306	0.251036
-197.288	0.208243
-198.269	0.208307
-199.251	0.165513
-200.231	0.251292
-201.212	0.194213
-202.194	0.222848
-203.176	0.294341
-204.159	0.251548
-205.139	0.294469
-206.121	0.280247
-207.104	0.25174
-208.086	0.108947
-209.069	0.309011
-210.049	0.309075
-211.032	0.309139
-212.015	0.380631
-212.998	0.194981
-213.979	0.409331
-214.963	0.252252
-215.946	0.423745
-216.93	0.338095
-217.913	0.295302
-218.897	0.252509
-219.878	0.238287
-220.862	0.352637
-221.846	0.409844
-222.83	0.195622
-223.815	0.409972
-224.797	0.267179
-225.781	0.281529
-226.766	0.195879
-227.75	0.181657
-228.735	0.281722
-229.72	0.2675
-230.703	0.296136
-231.688	0.2962
-232.673	0.239121
-233.658	0.153471
-234.643	0.253535
-235.629	0.210743
-236.612	0.282235
-237.598	0.268014
-238.583	0.368078
-239.569	0.268142
-240.555	0.225349
-241.541	0.296842
-242.525	0.268335
-243.511	0.0969707
-244.498	0.211321
-245.484	0.182814
-246.471	0.254307
-247.457	0.182942
-248.444	0.197292
-249.431	0.183071
-250.416	0.240278
-251.403	0.154628
-252.39	0.168978
-253.377	0.254757
-254.365	0.240535
-255.352	0.1406
-256.34	0.15495
-257.327	0.183586
-258.313	0.18365
-259.301	0.198
-260.289	0.0694932
-261.277	0.240986
-262.265	0.183908
-263.253	0.0696865
-264.242	0.0983224
-265.23	0.241244
-266.219	0.298451
-267.205	0.0699442
-268.194	0.112866
-269.183	0.141502
-270.172	0.241566
-271.161	0.255916
-272.151	0.0416952
-273.14	0.198903
-274.129	0.0703956
-275.119	0.199032
-276.108	0.241953
-277.098	0.284875
-278.088	0.199225
-279.076	0.127861
-280.066	0.0279256
-281.056	0.22799
-282.046	0.113769
-283.036	0.128119
-284.027	0.185327
-285.017	0.113963
-286.008	0.242599
-286.999	0.28552
-287.99	0.214157
-288.981	0.157078
-289.972	0
-290.963	0.143416
-291.954	0.129689
-292.946	0.101676
-293.937	0.0593782
-294.929	0.074223
-295.92	0.131925
-296.91	0.203911
-297.902	0.118756
-298.894	0.147887
-299.886	0.148446
-300.878	0.206148
-301.87	0.220993
-302.863	0.150124
-303.855	0.107827
-304.848	0.151244
-305.841	0.137517
-306.834	0.152363
-307.826	0.110065
-308.819	0.19634
-309.813	0.182614
-310.806	0.140316
-311.799	0.126591
-312.793	0.170008
-313.786	-0.0580033
-314.78	0.0996997
-315.774	0.143117
-316.767	0.0865345
-317.761	-0.0271909
-318.755	0.216227
-319.75	0.159644
-320.744	0.103062
-321.738	0.175051
-322.733	0.175612
-323.727	0.11903
-324.722	0.191019
-325.717	0.163008
-326.712	0.149283
-327.707	0.0498442
-328.702	0.221834
-329.697	0.122395
-330.692	0.180099
-331.688	0.08066
-332.683	0.25265
-333.679	0.181782
-334.674	0.0966295
-335.67	0.182905
-336.666	0.212038
-337.662	0.2126
-338.661	0.170305
-339.657	0.113724
-340.653	0
-341.65	0.0714286
-342.646	0.157143
-343.643	0.1
-344.64	0.157143
-345.636	0.157143
-346.633	0.2
-347.631	0.157143
-348.628	0.285714
-349.625	0.0857143
-350.622	0.1
-351.62	0.185714
-352.617	0.128571
-353.615	0.2
-354.613	0.214286
-355.613	0.0571429
-356.611	0.171429
-357.609	0.0428571
-358.607	0.2
-359.606	0.185714
-360.604	0
-361.603	0.154289
-362.601	0.00857806
-363.6	0.162867
-364.599	0.145726
-365.598	0.0285859
-366.597	0.168588
-367.598	0.222869
-368.597	0.16287
-369.597	0.1743
-370.596	0.114301
-371.596	0.0685869
-372.595	0.222873
-373.595	0.0771584
-374.595	0.017158
-375.595	0.0428716
-376.595	0.111442
-377.598	0.122863
-378.598	0.0342898
-379.598	0.131431
-380.599	0
-381.599	0.0301577
-382.6	-0.0111131
-383.601	0.176188
-384.602	0.0634888
-385.605	0.136508
-386.606	0.00952348
-387.608	0.0539679
-388.609	0.0269839
-389.61	0
-390.612	-0.0142857
-391.614	0.171429
-392.618	0.171429
-393.619	0.1
-394.621	0.114286
-395.623	0.114286
-396.626	0.0285714
-397.628	0.114286
-398.63	0.128571
-399.635	0
-400.638	-0.0561235
-401.64	0.159182
-402.643	0.0316299
-403.646	0.061221
-404.649	0.0908123
-405.654	0.248977
-406.658	-0.00714546
-407.661	0.136732
-408.664	0.0806092
-409.668	0.153058
-410.672	0.18265
-411.678	0.155101
-412.682	0.113265
-413.685	0
-414.69	0.157143
-415.694	0.171429
-416.7	0.1
-417.705	0.0428571
-418.709	0.114286
-419.714	0.128571
-420.718	0
-421.723	0.171429
-422.73	0.0857143
-423.735	0.128571
-424.741	0.157143
-425.746	0.0571429
-426.753	0.0428572
-427.759	0.0571429
-428.764	0.157143
-429.77	0
-430.776	0.0437769
-431.784	0.144699
-432.79	0.131333
-433.796	0.117967
-434.802	0.161744
-435.808	0.17695
-436.817	0.0778725
-437.823	0.0787928
-438.83	0.179713
-439.837	0.123491
-440.846	0.195842
-441.853	0.0824773
-442.86	0.0691124
-443.867	0.141462
-444.876	0.0995279
-445.884	0.12902
-446.891	0.158513
-447.899	0.145149
-448.908	0.0746436
-449.916	0.104137
-450.924	0.0907724
-451.932	0.148837
-452.942	0.178332
-453.951	0.150683
-454.959	0.16589
-455.967	0.152527
-456.978	0.110594
-457.987	0.140088
-458.995	0.0695815
-460.004	0.0276468
-461.015	0
-462.024	0.125601
-463.033	0.0226298
-464.043	0.176801
-465.054	0.0881087
-466.064	0.170851
-467.073	0.0535933
-468.085	0.0648998
-469.095	0.176213
-470.105	0.0589538
-471.115	0.0559803
-472.127	0.138714
-473.137	0.192883
-474.148	0.147051
-475.16	0.101213
-476.171	0.183952
-477.181	0.0524054
-478.192	0.106573
-479.205	0.0178756
-480.216	0.129185
-481.227	0.05478
-482.241	0.0517963
-483.252	0.0631049
-484.263	0.0601273
-485.277	0
-486.288	0.0142857
-487.3	-0.0428571
-488.314	0.0571428
-489.326	0.114286
-490.338	-0.0285714
-491.352	0.0571428
-492.365	-0.0428571
-493.377	0.0714286
-494.392	0.0142857
-495.404	0.0571429
-496.417	0
-497.432	0.0428571
-498.445	0.0142857
-499.458	0.0571428
-500.473	0.0571428
-501.486	0.114286
-502.499	0.0571428
-503.515	0.0428571
-504.529	0.0571429
-505.542	-0.0142857
-506.558	0.1
-507.572	0.142857
-508.586	0.0714286
-509.602	0.114286
-510.616	0.0714286
-511.63	0.0428571
-512.647	0.128571
-513.661	0.0142857
-514.678	0.1
-515.693	0.0428571
-516.708	-0.0142857
-517.725	0.0285714
-518.74	0.0714286
-519.755	0.0714286
-520.772	0.0714286
-521.788	-0.0857143
-522.805	0
-523.821	0.0888851
-524.836	0.0206279
-525.854	0.109521
-526.87	-0.0873073
-527.888	-0.0126995
-528.905	0.0333302
-529.921	0.0650747
-530.939	0.182541
-531.956	0
-532.972	0.0841292
-533.991	-0.0174596
-535.008	0.138098
-536.027	0.107937
-537.044	0.00635171
-538.063	0.0761908
-539.08	0.060319
-540.097	-0.0555529
-541.117	0
-542.134	0.0452336
-543.154	-0.00952721
-544.172	0.0928498
-545.19	0.0809413
-546.21	0.0976097
-547.228	0.0428445
-548.248	0.102371
-549.266	0.0618918
-550.287	0.135704
-551.305	0.08094
-552.324	0.21189
-553.345	0.0857034
-554.363	0.13094
-555.384	0.0190394
-556.403	0.0499907
-557.425	0.0666621
-558.444	0.126185
-559.465	0
-560.485	0.109099
-561.504	0.0467688
-562.526	0.155855
-563.546	-0.00647625
-564.568	0.13118
-565.588	0.225991
-566.61	0.163646
-567.63	0.101313
-568.653	-0.0753188
-569.673	0.162347
-570.696	0
-571.716	0.0162296
-572.739	0.14675
-573.76	0.105837
-574.781	-0.0207902
-575.804	0.124016
-576.825	0.183104
-577.849	0.0136248
-578.87	0.101284
-579.894	0.103234
-580.915	0.0480372
-581.939	0.0928447
-582.961	0.0805051
-583.985	0.0395988
-585.007	0.155831
-586.031	0.157782
-587.054	0.102586
-588.078	0.190252
-589.101	0.020771
-590.125	0.0798659
-591.148	0.124671
-592.173	0.112337
-593.196	0
-594.221	0.0428571
-595.244	0.0571429
-596.269	0.114286
-597.293	0.1
-598.318	0.0428571
-599.342	0.114286
-600.368	0.142857
-601.391	0.0285714
-602.417	0.0857143
-603.441	0
-604.468	0.12765
-605.494	0.141015
-606.518	0.154381
-607.545	0.139174
-608.569	0.109684
-609.596	0.0944763
-610.621	0.0935567
-611.648	0.092635
-612.673	0.0631438
-613.7	0.0765075
-614.725	0.204159
-615.753	0.046094
-616.778	0.116602
-617.806	0.0156801
-618.833	0.100472
-619.859	0.0852658
-620.887	0.0986288
-621.913	0.12628
-622.941	0.0682139
-623.967	0.11015
-624.996	0.00922725
-626.022	0.179735
-627.051	0.0788116
-628.08	0.0493168
-629.106	0.176967
-630.135	0.0331862
-631.162	0.0608361
-632.191	-0.0258018
-633.218	0.0875622
-634.248	0.11521
-635.277	0
-636.305	0.0851205
-637.335	0.0416683
-638.362	0.0553601
-639.392	0.154765
-640.422	0.082741
-641.45	0.0392898
-642.48	0.0386943
-643.509	0.223814
-644.539	0.0232188
-645.57	0.108337
-646.598	0.0934575
-647.629	-0.0357097
-648.658	0.0636957
-649.689	0.0630999
-650.72	0.062504
-651.749	-0.0952336
-652.781	0.10417
-653.81	0.103575
-654.841	0.0886935
-655.873	0.130954
-656.903	0.0732166
-657.935	0.129763
-658.964	0.157739
-659.997	0
-661.029	0.0897947
-662.059	0.0938663
-663.092	0.126519
-664.124	0.0306005
-665.155	0.106102
-666.187	0.038756
-667.22	0.0856961
-668.251	0.146913
-669.284	0.150997
-670.315	0.0407865
-671.349	0.1163
-672.382	0.0203848
-673.414	0.124461
-674.447	0.114261
-675.481	0.118348
-676.513	0.165283
-677.547	0.126513
-678.581	0.1306
-679.613	0.0203939
-680.647	0.124482
-681.682	0
-682.714	0.0815223
-683.749	0.091606
-684.784	0.0874038
-685.816	0.140353
-686.851	0.0932929
-687.886	0.131946
-688.919	0.127752
-689.955	0.0949757
-690.99	0.0336279
-692.023	0.100861
-693.059	0.0537975
-694.095	0.106734
-695.129	0.0168222
-696.165	0.126901
-697.201	0.0941217
-698.235	0.03278
-699.271	0
-700.307	0.0142857
-701.344	0.128571
-702.378	-0.0142857
-703.415	0.128571
-704.452	0.0428571
-705.487	0.114286
-706.524	-0.0571429
-707.561	0.0714285
-708.596	0.0571429
-709.634	0
-710.671	0.132653
-711.709	0.108163
-712.744	0.083665
-713.782	-0.0551095
-714.82	0.163259
-715.856	0.0816197
-716.894	0.0714179
-717.933	0.0897882
-718.971	0.122445
-720.007	0.140806
-721.046	0.0306064
-722.085	0.0346927
-723.121	0.124484
-724.16	0
-725.2	-0.0180947
-726.239	0.135239
-727.276	0.18858
-728.315	0.156199
-729.355	0.0952453
-730.395	0.0200058
-731.432	0.130489
-732.472	0.0981054
-733.512	0.122865
-734.552	0.0904806
-735.59	0.0152475
-736.63	0.140006
-737.671	0.10762
-738.711	0.0609489
-739.75	0
-740.79	0.0850345
-741.831	0.0700689
-742.871	0.112247
-743.912	0.111567
-744.953	-0.0176849
-745.994	0.153064
-747.035	0.16667
-748.075	-0.0340099
-749.117	0.0367383
-750.158	0.136059
-751.2	0.0496637
-752.24	0.0775552
-753.283	0.0768746
-754.324	0.0190517
-755.366	0.00408512
-756.408	0.103404
-757.45	0.131295
-758.492	0.0306143
-759.534	0.14422
-760.577	0.0721099
-761.62	0
-762.662	0.0174569
-763.705	0.0492035
-764.747	0.0380898
-765.791	0.0698371
-766.834	0.0587277
-767.877	0.133329
-768.921	0.0222202
-769.963	-0.0603204
-771.007	0
-772.051	0.0607145
-773.094	-0.0214319
-774.139	0.010712
-775.183	0.199999
-776.227	0.146425
-777.271	0.0785702
-778.316	0.0250012
-779.36	0
-780.405	0.0214284
-781.449	0.0285778
-782.494	-0.0357098
-783.539	0.0714308
-784.584	0.150007
-785.629	0.0285742
-786.675	0.121426
-787.719	0
-788.765	0.0300474
-789.811	0.00295219
-790.857	0.0472856
-791.903	0.0916177
-792.949	0.178809
-793.995	0.0659997
-795.041	0.138904
-796.087	0.154666
-797.134	0.0990008
-798.18	0.100477
-799.227	0.0590971
-800.274	0.0891462
-801.321	0.119196
-802.368	0.0635292
-803.415	0.0935788
-804.463	0.0664857
-805.51	0.0393929
-806.557	0.183727
-807.605	0.113777
-808.653	0.129542
-809.701	-0.0404072
-810.748	0.0467847
-811.796	0.0339785
-812.845	0.16403
-813.893	0.0940808
-814.941	0.12413
-815.99	0.154182
-817.039	0.184234
-818.088	0
-819.136	0.0993211
-820.185	0.0557842
-821.234	0.0265329
-822.284	0.111567
-823.333	0.153744
-824.382	0.253065
-825.432	0.109528
-826.482	0.108848
-827.532	0.151025
-828.582	0.193201
-829.631	-0.0074783
-830.681	0.206127
-831.732	0.0483035
-832.783	0.161909
-833.833	0.104085
-834.884	0.01769
-835.934	0.11701
-836.985	0.102043
-838.036	0.129934
-839.087	0.157824
-840.139	0
-841.19	0.115343
-842.242	0.0592567
-843.292	0.174598
-844.344	0.0613697
-845.396	0.11957
-846.448	0.163485
-847.5	0.121685
-848.553	0.108457
-849.605	0.109515
-850.658	0.182001
-851.709	0.0830579
-852.762	0.141259
-853.815	0.0566028
-854.868	-0.0423389
-855.921	0.130148
-856.974	0.202635
-858.027	0.00369394
-859.081	0.104753
-860.134	0.162954
-861.188	0.135442
-862.241	0.265071
-863.294	0.123273
-864.348	0.181476
-865.402	0.0682494
-866.457	0.140738
-867.511	0.0560831
-868.565	0
-869.62	0.154765
-870.675	0.0809581
-871.729	-0.0214205
-872.784	0.176201
-873.839	0.14525
-874.895	0.0714424
-875.95	0.169063
-877.005	0.123826
-878.061	-0.035697
-879.116	0.133351
-880.172	-0.0404579
-881.228	0.142876
-882.284	0.126209
-883.34	0.0666846
-884.396	0.0928744
-885.452	0.0762068
-886.508	0.116682
-887.565	0.042871
-888.621	0.0262026
-889.678	0.0666769
-890.735	0.0785795
-891.792	0.0904818
-892.849	0.130955
-893.906	0
-894.963	0.172142
-896.021	0.0728557
-897.078	0.102141
-898.136	0.0599974
-899.194	0.160711
-900.251	0.0614251
-901.309	0.133568
-902.367	0.00571027
-903.426	0.0921386
-904.484	0.0214243
-905.542	0.0649957
-906.601	0.0657101
-907.659	0.123567
-908.718	0.0385677
-909.777	0.0392822
-910.837	0.0971406
-911.896	0.112141
-912.956	-0.044287
-914.015	0.170714
-915.074	0
-916.134	0.0571429
-917.194	0.0571429
-918.253	0.128571
-919.313	0.214286
-920.373	0.0142857
-921.435	0.0285715
-922.495	0.0714286
-923.555	0.0428572
-924.616	0.0857143
-925.676	0.0142857
-926.737	-0.0142857
-927.798	0.0714286
-928.859	0.114286
-929.921	0.0571428
-930.982	0.0285714
-932.043	0.171429
-933.105	0
-934.166	0.0564634
-935.228	0.127213
-936.289	0.126533
-937.352	0.197281
-938.414	0.153744
-939.476	0.0673503
-940.539	0.0952419
-941.601	0.223133
-942.663	-0.0346894
-943.727	0.107487
-944.79	0.0782354
-945.852	0.134698
-946.915	-0.0374108
-947.978	0.0761946
-949.042	0.0469419
-950.106	0.131976
-951.169	0.0170095
-952.232	0.102043
-953.296	-0.027209
-954.361	0.100681
-955.425	0
-956.489	0.0166639
-957.553	0.0476138
-958.618	0.149995
-959.682	-0.0190545
-960.746	0.0118962
-961.811	0.0714185
-962.875	0.173798
-963.941	0.133324
-965.006	0.0642754
-966.071	0.0952272
-967.136	0.0261794
-968.203	0.142849
-969.268	0.0595157
-970.333	0.104754
-971.4	0.0642817
-972.465	0.138092
-973.531	0.111903
-974.597	0
-975.664	0.170371
-976.73	0.126457
-977.796	0.211115
-978.864	-0.0185141
-979.93	0.0661434
-980.997	0.0936579
-982.064	0.0926009
-983.132	0.205828
-984.198	0.104771
-985.265	0.175142
-986.334	0.0740837
-987.401	0.215883
-988.468	0.0148256
-989.537	0.0851952
-990.604	0.0841372
-991.672	0.111651
-992.741	0.153448
-993.809	0.109533
-994.877	-0.0200967
-995.947	0.0931292
-997.015	0.120642
-998.083	0.119583
-999.153	0.0470948
-1000.22	0.146036
-1001.29	0.130691
-1002.36	0.129631
-1003.43	0
-1004.5	0.128571
-1005.57	0.214286
-1006.64	-0.0571429
-1007.71	-0.0142858
-1008.78	0.0857143
-1009.85	0.0142857
-1010.92	0.142857
-1011.99	0.0571428
-1013.06	0.0857143
-1014.13	0.1
-1015.2	0.157143
-1016.27	0.0571429
-1017.34	0.114286
-1018.41	0.128571
-1019.48	0.0857143
-1020.56	0.0285714
-1021.63	0.157143
-1022.7	0
-1023.77	0.0714286
-1024.84	0.0428571
-1025.91	0.0571429
-1026.99	0.0428571
-1028.06	0
-1029.13	-0.0142857
-1030.2	-0.0285715
-1031.28	0.0857143
-1032.35	0.0285714
-1033.42	0.257143
-1034.49	0.1
-1035.57	0.0428571
-1036.64	0.142857
-1037.71	0
