657.203	51.75
656.588	42.0833
655.974	49.9583
655.359	48.2917
654.744	46.7917
654.129	46.4583
653.516	46.9167
652.901	46.875
652.286	46.7917
651.671	47.3333
651.056	47.0833
650.44	46.9167
649.825	47.2917
649.21	46.1667
648.595	46.625
647.979	46.4583
647.364	46.4167
646.749	46.875
646.133	46.9167
645.518	46.625
644.902	46.9583
644.286	46.4583
643.671	47.2083
643.055	46.875
642.439	46.625
641.823	47.3333
641.207	47.2083
640.591	46.5833
639.976	46.5417
639.359	47.0417
638.743	46.4167
638.127	46.7083
637.511	46.4583
636.895	47.0417
636.279	46.625
635.662	46.9167
635.046	47.1667
634.429	47.625
633.813	46.875
633.196	47.625
632.58	46.875
631.963	46.7083
631.346	47.125
630.73	47.4583
630.113	46.5
629.496	46.8333
628.879	47.1667
628.262	46.6667
627.645	46.9583
627.027	47.0833
626.41	46.7917
625.793	47.2917
625.175	46.6667
624.558	47.1667
623.941	46.625
623.324	46.2083
622.706	46.6667
622.089	47
621.471	46.5417
620.854	47.5833
620.236	46.8333
619.618	46.7083
619.001	46.5417
618.382	47.3333
617.764	47.375
617.146	46.6667
616.528	46.6667
615.91	46.9167
615.292	47.1667
614.674	46.5
614.056	46.7917
613.438	46.7083
612.818	46.4583
612.2	46.8333
611.582	47.4167
610.963	47.25
610.345	46.875
609.727	46.9583
609.108	46.5
608.489	46.9167
607.869	46.8333
607.251	47.1667
606.632	46.375
606.013	47.2083
605.395	46.4583
604.776	47.375
604.157	46.875
603.536	47.2917
602.917	47.5417
602.298	46.875
601.679	46.625
601.06	46.6667
600.441	46.625
599.82	47.3333
599.201	46.7917
598.582	47.375
597.962	46.9167
597.343	47.3333
596.723	46.9583
596.102	46.75
595.483	47.5833
594.863	47.25
594.243	47.1667
593.624	47.1667
593.002	46.25
592.382	46.7083
591.763	46.6667
591.143	46.75
590.523	47.0833
589.901	46.625
589.281	46.75
588.661	46.4583
588.041	47
587.419	47.375
586.799	46.7083
586.178	46.5
585.558	46.9167
584.937	47.1667
584.315	46.7083
583.695	46.9167
583.074	47.125
582.454	47
581.831	46.5
581.211	46.6667
580.59	47.3333
579.969	46.6667
579.347	46.8333
578.726	47.2083
578.105	46.4583
577.482	47.4167
576.861	46.0833
576.24	46.9583
575.619	46.9583
574.996	46.5
574.375	46.875
573.753	46.9167
573.132	46.7917
572.509	47
571.887	46.9167
571.266	46.4167
570.643	46.8333
570.021	46.7083
569.399	46.5833
568.777	46.4583
568.154	46.9167
567.532	46.5417
566.91	46.7917
566.287	46.2917
565.665	46.7083
565.043	47.125
564.419	46.3333
563.797	46.5
563.175	47.2083
562.551	47.5833
561.929	46.7083
561.306	46.5
560.683	46.5
560.06	47.0833
559.438	46.875
558.813	46.7083
558.191	47.1667
557.568	46.75
556.944	46.5
556.321	46.5
555.698	46
555.074	46.4583
554.451	47.1667
553.827	47.25
553.204	47.4583
552.58	46.625
551.956	46.6667
551.333	46.5833
550.709	46.75
550.085	46.875
549.461	47.125
548.836	46.75
548.213	47.2083
547.589	46.3333
546.964	46.9167
546.341	47.0833
545.717	46.5833
545.092	46.625
544.468	46.1667
543.843	46.3333
543.219	46.5
542.594	46.6667
541.97	46.9167
541.346	47.125
540.72	47.5833
540.096	46.75
539.471	46.4583
538.846	47.0833
538.222	47.4167
537.596	47.1667
536.972	46.5417
536.346	46.75
535.722	47.2083
535.096	47.2083
534.471	46.625
533.845	46.9583
533.22	46.8333
532.596	46.9167
531.969	46.375
531.344	46.7917
530.718	46.875
530.093	46.5833
529.467	46.0833
528.842	46.6667
528.215	47.2917
527.59	46.375
526.963	46.5417
526.338	47
525.711	46.3333
525.086	47
524.459	46.8333
523.834	46.6667
523.207	46.5833
522.581	46.875
521.956	46.25
521.329	46.625
520.703	46.9583
520.076	46.4167
519.45	46.7917
518.823	47
518.195	47.5833
517.569	47.3333
516.942	47.0833
516.316	46.4167
515.688	46.875
515.062	46.75
514.434	46.8333
513.808	47.0417
513.18	46.75
512.554	47.5417
511.926	46.5417
511.3	47.4167
510.672	47.25
510.045	45.7917
509.417	47.0833
508.79	46.7917
508.162	46.75
507.534	46.7917
506.907	46.2083
506.279	46.375
505.652	47.1667
505.023	46.9583
504.396	46.9583
503.768	46.625
503.139	47.4167
502.512	46.625
501.883	47.25
501.256	47.125
500.627	47.1667
500	46.9167
499.371	46.875
498.742	46.5833
498.114	47
497.485	46.5833
496.858	47.5
496.228	47.4583
495.599	47.2917
494.971	47
494.342	46.5833
493.714	47.125
493.085	47.625
492.455	46.5417
491.827	46.5
491.198	46.75
490.568	46.5417
489.94	46.875
489.31	46.1667
488.682	46.625
488.052	46.625
487.422	46.7917
486.794	46.9167
486.164	46.3333
485.534	47.5
484.905	46.5833
484.275	47.2083
483.645	47.5417
483.016	45.8333
482.385	46.7917
481.755	46.9583
481.126	47.5833
480.496	47.4167
479.867	46.3333
479.236	46.6667
478.606	46.7083
477.975	46.875
477.346	46
476.715	46.625
476.084	46.375
475.455	46.8333
474.824	46.75
474.193	46.375
473.563	46.6667
472.932	47.2917
472.301	46.5833
471.671	46.3333
471.04	46.8333
470.409	46.4583
469.777	46.125
469.147	46.9167
468.516	46.7917
467.885	46.8333
467.254	46.2917
466.623	46.5417
465.991	46.5833
465.359	46.5833
464.729	46.6667
464.097	47.3333
463.466	46.9167
462.835	46.5833
462.203	46.75
461.571	46.5
460.939	46.3333
460.308	46.625
459.676	47.25
459.044	46.3333
458.412	46.25
457.781	46.4167
457.149	47.25
456.516	46.625
455.884	46.8333
455.253	47.25
454.62	46.5
453.987	46.625
453.355	47.0833
452.722	47
452.091	46.3333
451.458	47.2917
450.825	46.2917
450.192	46.5
449.56	46.7083
448.927	46.5
448.294	46.5417
447.661	46.4167
447.028	47.4583
446.396	46.3333
445.763	46.625
445.129	47.125
444.496	46.9167
443.862	46.7917
443.23	47.0417
442.597	46.7917
441.963	47
441.33	46.8333
440.696	46.7917
440.062	46.7917
439.43	46.7917
438.796	46.5833
438.162	46.5833
437.528	46.7917
436.894	46.4167
436.26	46.25
435.627	47.25
434.993	46.6667
434.359	46.875
433.724	46.7083
433.09	46.6667
432.456	46.375
431.821	46.0417
431.188	46.6667
430.553	47
429.919	46.9583
429.284	46.625
428.649	45.6667
428.015	46.5833
427.38	46.3333
426.746	46.7083
426.111	46.6667
425.477	47.1667
424.841	47.3333
424.206	46.4167
423.571	46.625
422.936	46.3333
422.301	47
421.665	46.5
421.03	47
420.396	46.7917
419.761	46.4167
419.125	46.9167
418.49	46.3333
417.854	47
417.218	47.1667
416.583	46.9167
415.947	46.0833
415.311	46.2917
414.675	47
414.039	46.5417
413.403	47.4167
412.769	47.125
412.133	46.8333
411.496	46.25
410.86	47.125
410.224	46.9167
409.588	46.375
408.951	46.3333
408.315	47
407.679	46.4583
407.042	46.0833
406.406	47.25
405.769	46.4583
405.132	46.25
404.496	46.75
403.859	47.5417
403.222	46.7083
402.585	47.5
401.948	47.0417
401.311	46.5833
400.674	46.4583
400.037	47.5
399.4	46.5
398.763	46.5
398.125	46.5833
397.488	46.375
396.851	46.3333
396.213	46.2917
395.576	46
394.938	47.8333
394.301	47.1667
393.663	46.5
393.026	47.5417
392.388	46.125
391.75	46.9583
391.112	46.7917
390.474	46.5833
389.837	47.7083
389.199	46.625
388.561	46.25
387.922	46.5417
387.284	46.6667
386.646	46.375
386.008	46.875
385.37	46.7083
384.731	45.625
384.093	47
383.454	47.25
382.816	46.9167
382.177	46.2083
381.539	46.125
380.9	46.2083
380.261	46.25
379.622	46.9167
378.982	46.75
378.343	47.0417
377.704	46.5
377.065	46.375
376.426	47.3333
375.787	47.7917
375.148	47.375
374.509	46.7917
373.87	46.4583
373.23	47.125
372.591	46.9167
371.952	47.375
371.312	46.5
370.671	47.2083
370.032	46.7917
369.392	46.6667
368.752	46.6667
368.113	47.6667
367.473	46.9167
366.833	47.3333
366.193	46.75
365.553	47.1667
364.912	46.4583
364.272	46.4583
363.632	46.5
362.991	46.9167
362.351	47.0417
361.711	47.0833
361.071	46.75
360.43	46.5417
359.788	46.5417
359.148	46.5417
358.507	46.9583
357.867	46.375
357.226	47.0833
356.585	46.625
355.943	47.3333
355.303	46.8333
354.662	47.2083
354.021	46.75
353.38	46.625
352.739	47.25
352.098	47.5417
351.455	47.2917
350.814	47.125
350.173	46.8333
349.532	46.7917
348.89	46.5833
348.247	46.8333
347.606	46.9167
346.964	46.6667
346.323	46.8333
345.681	47
345.038	46.5833
344.397	46.875
343.755	47
343.113	45.7917
342.471	46.8333
341.828	46.75
341.186	46.9167
340.544	47
339.902	47.125
339.26	46.7917
338.616	46.375
337.974	46.6667
337.331	47.0417
336.689	46.6667
336.045	47.1667
335.403	46.6667
334.76	46.5833
334.118	46.7917
333.475	46.8333
332.831	47.625
332.188	46.8333
331.546	46.9583
330.903	46.9583
330.258	47.125
329.616	47.0833
328.973	46.9167
328.33	46.7917
327.685	47.25
327.042	46.875
326.399	46.875
325.754	47.5417
325.111	46.4583
324.467	46.75
323.824	46.7917
323.179	47.5833
322.535	47
321.892	46.9167
321.247	47.5417
320.603	47.5417
319.959	46.7083
319.316	47.4583
318.67	46.7083
318.026	47.5833
317.383	46.75
316.737	46.5417
316.093	47.0833
315.449	46.875
314.803	47.3333
314.159	47.2917
313.515	47.0833
312.871	47.4583
312.225	47.625
311.58	47.25
310.936	47.4167
310.29	47.125
309.645	47.5
309.001	47.125
308.354	47.375
307.71	47.2917
307.065	46.9583
306.419	46.9583
305.774	47.625
305.129	47.3333
304.482	47.7083
303.837	47.375
303.191	47.25
302.545	47.5833
301.9	46.75
301.253	47.25
300.608	46.9583
299.963	47.3333
299.316	47.3333
298.67	47.75
298.025	47.25
297.378	46.9583
296.732	46.625
296.085	47.125
295.439	47.0417
294.793	46.9583
294.146	47.125
293.5	47.6667
292.853	47.25
292.206	47.7917
291.56	47.5
290.913	47.125
290.267	47.25
289.619	47.4583
288.973	47.625
288.326	48
287.678	47.6667
287.032	47.2083
286.384	47.75
285.737	47.7083
285.091	47.5
284.442	47.25
283.796	47.3333
283.147	47.25
282.501	47.7083
281.852	47.2917
281.205	47.5833
280.557	47.2083
279.91	47.5833
279.263	47
278.614	47.5833
277.967	47.375
277.318	47.625
276.671	47.4583
276.022	48.25
275.374	46.7083
274.725	47.5417
274.078	46.7917
273.429	48.4167
272.781	47.875
272.133	47.5833
271.484	47.2083
270.836	47.25
270.187	47.4167
269.539	48.0833
268.89	47.6667
268.242	48.1667
267.592	47.875
266.944	47.3333
266.294	48.4583
265.646	47.6667
264.996	48.0833
264.348	47.2917
263.698	47.875
263.05	47.5417
262.4	47.7083
261.751	47.8333
261.101	47.6667
260.452	47.5
259.802	47.5
259.153	48.4167
258.503	47.625
257.854	47.8333
257.204	48.0417
256.553	48.1667
255.904	48.375
255.253	47.75
254.604	48.1667
253.954	48.6667
253.304	48.25
252.653	48.5833
252.004	48.25
251.353	49.0417
250.704	47.9583
250.053	48.2083
249.402	49.2917
248.752	49.5
248.101	48.9167
247.451	49.125
246.8	48.5417
246.15	48.375
245.498	48.75
244.848	49
244.197	47.25
243.545	48.9167
242.895	48.7083
242.243	48.5
241.593	48.2917
240.941	48.3333
240.29	48.7083
239.639	47.9583
238.987	48.0833
238.337	48.625
237.685	47.9583
237.032	48.2083
236.382	47.6667
235.73	48.3333
235.079	48
234.426	48
233.774	47.875
233.123	48.375
232.471	48
231.819	48.7083
231.167	48.625
230.514	48.4167
229.863	47.1667
229.21	48.7917
228.557	47.7917
227.906	48.5833
227.253	49
226.6	48.4583
225.948	48.0833
225.295	47.7083
224.644	48.2083
223.99	48.25
223.337	48.0417
222.685	48.25
222.032	48.5
221.379	48.3333
220.727	47.7917
220.073	48.125
219.419	47.8333
218.767	46.8333
218.114	47.9583
217.46	47.6667
216.807	47.5833
216.154	47.5417
215.5	47.75
214.847	48.1667
214.193	48
213.539	47.9583
212.885	48.3333
212.232	48.2083
211.578	47.375
210.924	48.2917
210.271	47.625
209.616	48.375
208.962	47.6667
208.309	47.375
207.654	48.375
207	47.9583
206.345	48.4583
205.692	48.5417
205.037	48
204.382	48.0833
203.729	47.9583
203.074	47.2083
202.419	47.9167
201.763	47.8333
201.11	47.4583
200.455	48.375
199.799	47.375
199.144	48
198.49	47.875
197.835	48.5417
197.179	48.5
196.524	48.25
195.87	48.2917
195.214	47.6667
194.558	48.6667
193.903	48.6667
193.248	47.9583
192.593	47.9583
191.937	47.4583
191.281	47.9583
190.626	47.7083
189.97	48.7083
189.314	48.5833
188.658	49.125
188.002	48.3333
187.347	47.75
186.69	48.125
186.034	47.875
185.378	48.375
184.723	49.1667
184.066	48.5
183.409	49.1667
182.753	48.1667
182.096	49.625
181.441	48.5
180.784	49.625
180.127	48.5833
179.47	48.8333
178.813	49.0417
178.156	49.5
177.5	49.1667
176.843	49
176.186	48.4583
175.529	48.5833
174.871	49.75
174.215	48.9167
173.558	49.8333
172.9	49.6667
172.243	49.4583
171.585	49.6667
170.928	50.125
170.27	50.125
169.614	49.5417
168.956	49.125
168.298	49.125
167.64	49.7083
166.982	49.9167
166.324	50.5
165.667	50.5833
165.009	50.4167
164.351	50.1667
163.693	50.9167
163.034	50
162.376	50.625
161.717	49.5417
161.059	50.5833
160.402	50.9583
159.743	50.5
159.085	51.2083
158.426	52.3333
157.767	51.4583
157.108	51.0417
156.449	51.4583
155.79	51.0833
155.131	52.1667
154.474	52.1667
153.815	51.9167
153.156	51.75
152.496	53.75
151.837	53.5833
151.178	52.7083
150.518	53.25
149.859	54.2083
149.199	54.0417
148.54	53.25
147.88	55.8333
147.221	54.75
146.562	56.4583
145.903	56.6667
145.243	58.375
144.583	59.7083
143.923	61.625
143.263	63.2083
142.603	65.25
141.943	68.0833
141.283	70.625
140.622	77.1667
139.962	79.8333
139.302	83.8333
138.641	86.5
137.981	86.5833
137.32	86.2917
136.66	86.0417
135.999	83.3333
135.339	80.4167
134.678	78.2083
134.017	76
133.356	72.8333
132.695	73.2917
132.034	73.5833
131.373	69.5
130.712	68.875
130.053	67.75
129.392	68.6667
128.73	66.6667
128.069	68.3333
127.408	67.7917
126.746	67.1667
126.085	66.5417
125.423	66.625
124.762	65.75
124.1	64.4167
123.437	65.4167
122.775	64.75
122.113	65
121.452	63.9167
120.79	63.3333
120.128	62.9583
119.466	63.25
118.804	62.8333
118.142	63.5833
117.479	63.4167
116.817	61.5417
116.155	62.9583
115.493	63.4583
114.83	63.4167
114.168	62.4167
113.505	63.4583
112.843	62.2917
112.18	63.5833
111.517	62.6667
110.855	65.125
110.192	64.8333
109.529	66.875
108.866	65.9167
108.203	67.5
107.54	68.5833
106.876	71.5833
106.212	72.0417
105.549	74.6667
104.886	76.2083
104.223	80.4583
103.559	83.5
102.896	88.4167
102.232	96.5
101.569	105.875
100.905	121
100.242	135.708
99.5781	156.875
98.9128	178.5
98.249	195.5
97.5852	208.708
96.9213	206
96.2573	203.208
95.5933	190.042
94.9292	184.583
94.2651	173.333
93.6009	160.75
92.9351	147.708
92.2708	140.083
91.6065	130.542
90.942	116.625
90.2776	108.625
89.613	101.708
88.9484	95.25
88.2838	90.0417
87.6176	83.75
86.9528	78.4167
86.288	78.7083
85.6232	74.5417
84.9582	71.9167
84.2933	69.9167
83.6282	68.7083
82.9616	66.6667
82.2965	64.5
81.6313	64.0833
80.966	61.6667
80.3007	60.75
79.6353	59.1667
78.9684	58.8333
78.3029	58.8333
77.6374	56.8333
76.9718	56.5833
76.3061	56.5
75.6404	56.5417
74.9731	55.5417
74.3073	55.5417
73.6414	54.25
72.9755	55.5
72.3095	54.2083
71.6419	54.7083
70.9758	54.3333
70.3097	54.25
69.6434	54.7083
68.9772	54.9583
68.3093	54.2083
67.6429	53.9167
66.9765	55.5
66.31	54.5417
65.6434	53.625
64.9753	53.5
64.3086	53.8333
63.6419	52.25
62.9751	52.0833
62.3068	53.75
61.6399	53.9583
60.9729	52.5
60.3059	54.4583
59.6388	52.6667
58.9702	53.0417
58.303	52.6667
57.6358	52.2917
56.9685	53.0833
56.2996	53.375
55.6322	52.7917
54.9648	51.3333
54.2972	51.7917
53.6281	52.1667
52.9605	51.875
52.2928	51.1667
51.6251	52.2917
50.9558	51.125
50.2879	51.2917
49.62	51.7083
48.952	51.75
48.2825	51.25
47.6144	50.6667
46.9462	50.625
46.2765	50.75
45.6083	50.7917
44.94	50.2083
44.2716	50.7917
43.6016	51.4167
42.9332	51.0833
42.2646	50.5417
41.5945	50.7083
40.9259	50.75
40.2571	50.875
39.5869	50.1667
38.918	49.7917
38.2492	51.0417
37.5802	50.2917
36.9097	50.2917
36.2407	50.8333
35.5715	49.3333
34.9009	51.0417
34.2316	49.8333
33.5624	51.5833
32.8915	50.4583
32.2221	50.0833
31.5527	50.5417
30.8816	50.5833
30.2121	50.4583
29.5425	49.375
28.8713	49.5417
28.2015	51.0417
27.5317	51.1667
26.8604	51.2083
26.1905	51.2083
25.5205	51.2917
24.849	50.0833
24.1789	51
23.5088	50.625
22.8371	51
22.1668	50.7917
21.495	52.5833
20.8246	53
20.1542	52.9583
19.4822	52.9167
18.8117	53.7917
18.1411	52.5417
17.4689	54.0417
16.7982	54.5833
16.1259	54.3333
15.4551	53.5833
14.7843	55.7083
14.1118	55.125
13.4408	54.6667
12.7698	56
12.0972	56.4583
11.426	58.8333
10.7533	58.875
10.082	59.0833
9.41065	60.4167
8.73774	61.4167
8.0663	62.7917
7.39328	64.125
6.72172	65.3333
6.04858	66.875
5.3769	67.4167
4.70517	67.4167
4.03186	69.0833
3.36002	74.5
2.68659	109.292
2.01463	245.625
1.34109	632.417
0.669021	1204.54
-0.00310931	1941.25
-0.676821	2383.29
-1.34907	1976.13
-2.02289	801.125
-2.69525	326.333
-3.36919	183.292
-4.04167	119.458
-4.71573	94.625
-5.38831	77.875
-6.06096	72.0417
-6.73519	67.2083
-7.40795	64.5833
-8.08229	62.6667
-8.75517	60.8333
-9.42963	59
-10.1026	57.2917
-10.7772	56.875
-11.4503	55.875
-12.125	54.3333
-12.7982	53.625
-13.473	53.2917
-14.1463	52.75
-14.8213	52.4583
-15.4947	51.5833
-16.1697	52
-16.8433	51.4167
-17.5185	51.8333
-18.1921	51
-18.8674	50.4583
-19.5412	50
-20.2166	50.3333
-20.8905	49.5417
-21.566	50
-22.24	49.625
-22.9156	50.1667
-23.5897	48.9167
-24.2655	49.75
-24.9397	49.1667
-25.6156	49.4583
-26.2899	48.3333
-26.9659	49.1667
-27.6404	49.25
-28.3164	48.7083
-28.991	49.4167
-29.6672	49.2083
-30.3419	47.8333
-31.0182	48.5833
-31.6931	48.0833
-32.3695	48.9167
-33.046	47.875
-33.721	49.4583
-34.3976	48.0833
-35.0727	48.375
-35.7494	49.8333
-36.4246	48.2083
-37.1014	48.7083
-37.7768	48.5417
-38.4537	48.375
-39.1307	48.0417
-39.8062	48.0833
-40.4833	48.0417
-41.159	48.1667
-41.8362	48.7083
-42.512	47.875
-43.1893	48.0833
-43.8667	48.125
-44.5426	48.9167
-45.2201	48.125
-45.8962	47.625
-46.5738	48.5
-47.2515	48.1667
-47.9277	48.5833
-48.6055	48
-49.2818	47.7917
-49.9598	48.875
-50.6377	48.625
-51.3142	48.625
-51.9923	48.0833
-52.669	47.9167
-53.3472	48.2917
-54.0254	48
-54.7022	47.75
-55.3806	48.3333
-56.0575	47.6667
-56.736	48.0417
-57.4146	48.125
-58.0917	49.125
-58.7703	48.0417
-59.4491	48.9583
-60.1263	49.1667
-60.8052	49.4583
-61.4841	49.4167
-62.1615	48
-62.8405	48.125
-63.5181	49.4167
-64.1972	48.3333
-64.8764	47.9167
-65.5541	48.9583
-66.2334	48.0417
-66.9128	47.875
-67.5907	48.0417
-68.2702	48.7083
-68.9497	48.5
-69.6278	47.7917
-70.3075	47.9167
-70.9872	48.0417
-71.6654	48.0833
-72.3453	47.5
-73.0252	47.5833
-73.7036	47.875
-74.3836	48.6667
-75.0637	49.0417
-75.7438	48.0833
-76.4224	48.625
-77.1027	48.7083
-77.783	49.0833
-78.4618	48.9167
-79.1422	48.1667
-79.8227	48
-80.5017	49.125
-81.1823	49.1667
-81.8629	48.9167
-82.5436	50.5417
-83.2229	50.375
-83.9037	50.4583
-84.5846	51
-85.264	50.125
-85.945	51.3333
-86.626	50.3333
-87.3072	51.0417
-87.9868	50.3333
-88.668	52.7083
-89.3493	52.0833
-90.0291	53
-90.7105	54.375
-91.392	55
-92.0735	55.3333
-92.7536	55.75
-93.4352	56.875
-94.1169	56.875
-94.7987	59.2083
-95.479	60.5
-96.1609	60
-96.8428	60.75
-97.5248	60.9583
-98.2053	62.125
-98.8874	61.3333
-99.5696	59.2917
-100.252	57.8333
-100.934	55.625
-101.615	54.875
-102.297	52.375
-102.98	51.7083
-103.662	51.0417
-104.343	50.8333
-105.026	49.9167
-105.709	48.9583
-106.391	48.875
-107.074	50.0833
-107.756	49.0833
-108.438	48.0417
-109.121	48.75
-109.805	48.7917
-110.488	48.375
-111.169	48.3333
-111.852	48.625
-112.536	48
-113.219	47.6667
-113.902	48.375
-114.584	48.6667
-115.268	47.9583
-115.951	48.2917
-116.635	48.4167
-117.319	48.0417
-118.003	48.4167
-118.685	47.25
-119.369	48.375
-120.053	48.0417
-120.737	48.375
-121.421	48.2917
-122.103	48.4583
-122.787	47.8333
-123.472	48.3333
-124.156	48.6667
-124.84	48.4167
-125.525	47.2917
-126.209	48.7917
-126.892	48.25
-127.577	48.6667
-128.261	48.0833
-128.946	48.375
-129.631	47.5417
-130.316	49.0417
-131	48.3333
-131.684	48.0833
-132.369	48.8333
-133.054	48.375
-133.739	48.375
-134.424	48.4583
-135.109	48.0833
-135.795	48.4583
-136.48	49.0417
-137.164	48.7083
-137.849	48.2917
-138.535	48.5833
-139.22	48.0417
-139.906	48.625
-140.592	48.6667
-141.277	47.4583
-141.963	47.5417
-142.649	47.5833
-143.335	47.5
-144.019	47.5
-144.706	47.7083
-145.392	47.7083
-146.078	46.6667
-146.764	46
-147.45	46.9583
-148.137	47.1667
-148.823	47.3333
-149.509	46.6667
-150.196	46.7083
-150.883	46.2917
-151.569	46.7917
-152.256	47
-152.941	47.125
-153.628	47.2917
-154.315	46.75
-155.002	46.2917
-155.689	46.375
-156.376	46.7083
-157.063	46.1667
-157.75	46.7083
-158.437	46.125
-159.125	46.75
-159.812	46.125
-160.499	46.5
-161.187	46.4583
-161.874	46.2917
-162.562	46.4167
-163.25	46.3333
-163.937	46.6667
-164.625	46.25
-165.313	46.9583
-166.001	46.375
-166.689	46.1667
-167.377	46.7083
-168.065	46.7083
-168.753	46.5833
-169.441	46.0417
-170.129	46.4583
-170.818	46.3333
-171.506	46.3333
-172.194	45.9583
-172.883	47
-173.571	46.9167
-174.26	45.875
-174.949	46.7083
-175.637	45.875
-176.326	46.4167
-177.015	46.75
-177.704	45.9583
-178.393	46.5833
-179.082	46.125
-179.771	45.875
-180.46	46.3333
-181.149	46
-181.838	45.625
-182.528	46.625
-183.217	46.6667
-183.907	46.2917
-184.596	46.5833
-185.286	46.9167
-185.975	45.75
-186.665	47.0833
-187.355	45.9167
-188.044	45.6667
-188.734	45.5833
-189.424	46.375
-190.114	46.2083
-190.804	46.1667
-191.494	46.125
-192.184	46.25
-192.876	46
-193.566	46.125
-194.257	45.4167
-194.947	46.125
-195.637	46.1667
-196.328	46.5
-197.018	45.9167
-197.709	46.8333
-198.4	46.7083
-199.09	46.0417
-199.781	45.6667
-200.472	46.25
-201.163	46.25
-201.856	46.125
-202.547	46.2917
-203.238	46.2083
-203.929	46.1667
-204.62	46.1667
-205.311	45.5
-206.003	45.7917
-206.694	46.75
-207.386	46.2917
-208.077	46.4167
-208.77	46.7917
-209.462	46.25
-210.153	46.375
-210.845	46.4167
-211.537	45.9583
-212.229	45.9583
-212.921	46.75
-213.613	46.5
-214.305	45.75
-214.999	45.875
-215.691	46
-216.383	46.1667
-217.075	46.375
-217.768	46.2917
-218.46	46.1667
-219.152	46.0417
-219.847	46.1667
-220.539	45.75
-221.232	46.2917
-221.925	46
-222.617	45.875
-223.31	46.4583
-224.005	46.2917
-224.698	46.5
-225.391	45.8333
-226.084	45.875
-226.777	46.5417
-227.47	46.2083
-228.165	45.8333
-228.858	46.375
-229.551	46.4167
-230.245	45.8333
-230.938	45.6667
-231.632	46.2083
-232.327	46.0833
-233.021	46.5
-233.714	46.5833
-234.408	46.3333
-235.102	45.5417
-235.798	45.9167
-236.492	45.9583
-237.186	45.7083
-237.88	45.7083
-238.574	46.5833
-239.27	46.0417
-239.964	46
-240.658	46.0417
-241.353	46.125
-242.047	45.7083
-242.743	46.125
-243.438	45.875
-244.132	46.0417
-244.827	46.625
-245.523	46.4583
-246.218	45.2083
-246.913	46.5
-247.608	46.5417
-248.303	45.2917
-248.999	45.7917
-249.695	46.1667
-250.39	46.125
-251.085	45.375
-251.782	46.4167
-252.477	45.7083
-253.173	46.3333
-253.868	46.5417
-254.565	46.0417
-255.261	45.5833
-255.956	46.5417
-256.652	45.3333
-257.35	46.125
-258.045	46.1667
-258.741	46.0417
-259.437	46.4167
-260.135	45.75
-260.831	46.25
-261.527	45.6667
-262.225	46.3333
-262.921	46.0417
-263.617	46.5833
-264.314	45.625
-265.012	45.9167
-265.708	46
-266.405	46
-267.103	46.9583
-267.8	46.4167
-268.496	46.0833
-269.193	46.2083
-269.892	45.6667
-270.589	45.5417
-271.286	46.6667
-271.984	46.75
-272.681	45.7083
-273.378	46.25
-274.077	46.3333
-274.775	45.6667
-275.472	45.875
-276.171	46
-276.868	45.625
-277.566	46.625
-278.263	46
-278.963	46.375
-279.66	46.625
-280.358	46
-281.058	46.9583
-281.755	46.4583
-282.453	45.8333
-283.153	46.25
-283.851	46
-284.549	46.5
-285.249	46.125
-285.947	46.2083
-286.647	46.4167
-287.345	46.8333
-288.044	46.1667
-288.744	46.625
-289.443	45.375
-290.141	46.7083
-290.841	46
-291.54	46.6667
-292.239	46.125
-292.939	46.0833
-293.638	46.7083
-294.339	46.5
-295.038	46.3333
-295.737	46.0417
-296.438	46.0833
-297.137	46.2083
-297.836	46.2917
-298.537	46.625
-299.237	46.0417
-299.938	45.4583
-300.637	45.625
-301.337	46.1667
-302.038	46.0833
-302.738	46.6667
-303.439	45.7917
-304.139	45.7917
-304.839	45.8333
-305.54	45.7917
-306.24	46.9167
-306.942	46.125
-307.642	46.4167
-308.342	46.9583
-309.044	45.25
-309.745	46.2083
-310.447	45.75
-311.147	46.5
-311.849	46.4583
-312.55	45.9583
-313.25	46.4583
-313.953	46
-314.653	46.2083
-315.356	46.5
-316.057	46.4583
-316.759	45.4167
-317.46	46.1667
-318.161	46.5833
-318.864	46.4583
-319.565	46.375
-320.268	46.0833
-320.969	46.25
-321.672	46.2083
-322.373	46.4167
-323.077	46.125
-323.778	46.2083
-324.481	45.7917
-325.183	46.0417
-325.885	46
-326.588	46.9583
-327.29	45.7083
-327.993	46.0417
-328.695	46.625
-329.399	46
-330.101	46.4583
-330.805	45.875
-331.507	45.875
-332.211	46.25
-332.913	46
-333.617	45.7917
-334.32	45.7917
-335.024	45.625
-335.726	46.1667
-336.431	45.7917
-337.133	46.2917
-337.838	46
-338.54	45.5
-339.245	46.4583
-339.948	46.5417
-340.652	45.9583
-341.356	46.5
-342.06	46.5
-342.763	46.625
-343.468	46.0833
-344.172	46.3333
-344.877	46.2083
-345.58	45.9583
-346.285	46.2083
-346.989	46.0417
-347.694	46.2917
-348.399	46.375
-349.103	45.8333
-349.808	46.25
-350.512	45.4583
-351.218	45.625
-351.922	46.4167
-352.627	46.4167
-353.331	46.375
-354.037	46.375
-354.741	46.1667
-355.447	46.25
-356.153	46.4583
-356.858	46.0833
-357.564	45.9167
-358.268	46.2917
-358.975	46.25
-359.679	45.7083
-360.386	46.5833
-361.09	46.2083
-361.797	45.875
-362.503	45.875
-363.208	46.2917
-363.915	46.2083
-364.62	46.1667
-365.327	46.125
-366.034	46.8333
-366.739	45.4583
-367.446	45.875
-368.151	46.4583
-368.858	46.5417
-369.564	46.2083
-370.271	45.875
-370.978	45.875
-371.684	46.2917
-372.391	45.875
-373.097	46.0833
-373.805	46.0417
-374.512	46.1667
-375.218	47.25
-375.926	46.5
-376.634	46.5417
-377.34	45.7917
-378.048	45.5417
-378.754	46.0833
-379.462	46.1667
-380.17	45.625
-380.877	46.2917
-381.585	46.0417
-382.293	46.125
-383	46.25
-383.708	45.7083
-384.415	45.875
-385.124	46.0833
-385.832	46.0417
-386.539	46.375
-387.248	46.5417
-387.956	46.4583
-388.664	45.7917
-389.373	45.75
-390.081	45.7917
-390.789	46.7083
-391.498	45.7917
-392.207	45.625
-392.915	45.9583
-393.624	45.8333
-394.333	46.0833
-395.041	45.9583
-395.75	46.75
-396.46	45.875
-397.168	45.875
-397.877	46.5
-398.587	45.9167
-399.295	46.5833
-400.005	46.0417
-400.715	46.0417
-401.423	46.2083
-402.133	46.4167
-402.843	46.1667
-403.552	46.5417
-404.262	46.3333
-404.972	45.8333
-405.682	46.75
-406.391	46.25
-407.101	45.7083
-407.812	46.2917
-408.521	46.25
-409.231	46.6667
-409.942	46.9167
-410.653	46.125
-411.362	46.3333
-412.073	45.5833
-412.784	46.2083
-413.493	45.9583
-414.204	46.4583
-414.915	46.1667
-415.626	45.5
-416.336	45.875
-417.047	45.8333
-417.759	45.625
-418.47	47.0417
-419.18	46.2917
-419.891	45.8333
-420.603	45.3333
-421.313	46.8333
-422.025	45.1667
-422.737	46.4167
-423.448	46.0417
-424.159	45.7917
-424.871	46.25
-425.583	45.7083
-426.295	45.9583
-427.007	45.8333
-427.718	46.0833
-428.43	45.5833
-429.142	45.9583
-429.855	45.9583
-430.566	46.375
-431.278	45.2917
-431.991	46.125
-432.703	46.5833
-433.414	46.75
-434.127	45.5
-434.84	46.1667
-435.553	46.4583
-436.266	45.7917
-436.977	46.2917
-437.69	46.4583
-438.404	45.7917
-439.117	45.4167
-439.83	46
-440.542	46.2083
-441.255	45.625
-441.969	46.0417
-442.682	45.6667
-443.396	45.625
-444.108	46.25
-444.822	45.3333
-445.535	46.1667
-446.249	45.4167
-446.963	45.5417
-447.676	46.125
-448.39	45.3333
-449.104	46
-449.818	46.1667
-450.532	45.7917
-451.246	46.5417
-451.959	45.9167
-452.674	46.1667
-453.388	46.375
-454.103	46
-454.817	45.625
-455.532	46.4167
-456.245	45.7083
-456.96	46.6667
-457.675	45.7083
-458.39	46.3333
-459.104	45.5833
-459.82	45.8333
-460.535	46.5833
-461.248	46.125
-461.963	44.9583
-462.679	46.0417
-463.394	45.75
-464.109	45.625
-464.825	45.7917
-465.541	46.75
-466.255	45.5833
-466.97	45.6667
-467.686	46.25
-468.402	46.375
-469.118	46.2083
-469.833	46.5
-470.549	45.7083
-471.266	45.75
-471.982	46.2083
-472.696	45.7083
-473.412	45.75
-474.129	45.125
-474.845	46.25
-475.562	45.8333
-476.278	45.6667
-476.995	46.1667
-477.711	45.9167
-478.428	45.75
-479.145	46.0417
-479.86	46.7083
-480.577	45.875
-481.294	46.1667
-482.011	45.625
-482.728	46.125
-483.445	46.5833
-484.162	46.375
-484.879	46
-485.597	44.9167
-486.314	46.4583
-487.031	45.125
-487.749	46.2083
-488.466	45.7917
-489.182	46.5833
-489.9	46.2917
-490.618	46.6667
-491.336	45.9583
-492.054	45.7917
-492.771	45.625
-493.489	46.7083
-494.208	45.3333
-494.926	45.875
-495.644	46.375
-496.362	46.3333
-497.08	45.875
-497.799	46.2083
-498.517	46.0833
-499.236	46.2917
-499.954	45.7083
-500.673	46.375
-501.392	46.0833
-502.11	46.4167
-502.829	46.6667
-503.548	46.2083
-504.267	45.7917
-504.986	46.1667
-505.705	45.7083
-506.424	45.875
-507.144	45.8333
-507.863	45.2917
-508.581	46.5
-509.3	45.3333
-510.019	45.9167
-510.739	45.5833
-511.459	45.3333
-512.178	46.0833
-512.898	45.4167
-513.618	46.3333
-514.338	45.9583
-515.057	46.1667
-515.779	46.125
-516.499	46.5417
-517.219	45.5833
-517.939	46
-518.66	45.9583
-519.38	46.25
-520.1	45.5417
-520.821	46
-521.541	46.375
-522.262	46.0417
-522.982	46.0417
-523.703	46.875
-524.424	46.0417
-525.144	46.375
-525.865	46.2083
-526.586	46.2083
-527.307	46.5
-528.028	46.8333
-528.749	46.25
-529.471	46.5417
-530.192	45.7917
-530.913	46
-531.635	46.1667
-532.356	46.2083
-533.077	46.0833
-533.799	45.7917
-534.521	46.625
-535.244	45.75
-535.966	46.4583
-536.688	46.2917
-537.409	45.5833
-538.131	45.4167
-538.853	45.7917
-539.575	46.2083
-540.298	45.9583
-541.02	46.4583
-541.742	46.125
-542.464	45.9583
-543.187	46.4167
-543.909	46
-544.633	46.3333
-545.356	45.2917
-546.079	46.5417
-546.801	46.3333
-547.524	46.2917
-548.247	46.2083
-548.97	46.0417
-549.693	45.9167
-550.416	46.375
-551.139	45.9167
-551.864	46.0417
-552.587	45.625
-553.31	46.4167
-554.034	46.75
-554.757	45.9583
-555.48	46.2917
-556.204	45.75
-556.928	46.375
-557.651	45.875
-558.377	46.0833
-559.1	46.5833
-559.824	46.2083
-560.548	46.25
-561.272	46.9167
-561.996	46.5833
-562.72	46.7917
-563.446	46.375
-564.17	46.2917
-564.895	45.5417
-565.619	45.5
-566.344	46.4167
-567.068	45.875
-567.793	46.25
-568.519	46.0417
-569.244	46.25
-569.968	46.5
-570.693	45.9583
-571.418	45.5
-572.143	46.0833
-572.87	45.625
-573.595	45.3333
-574.32	46.2083
-575.045	46.5417
-575.77	46.4167
-576.496	45.375
-577.223	46.1667
-577.948	45.3333
-578.674	46.5417
-579.399	45.7083
-580.125	45.7083
-580.851	46.2917
-581.578	46.375
-582.304	45.25
-583.03	45.6667
-583.756	46.875
-584.482	45.7083
-585.21	45.625
-585.936	46
-586.662	45.4167
-587.388	45.625
-588.115	46.9167
-588.843	46.7917
-589.569	45.9167
-590.296	46.2917
-591.023	45.625
-591.749	46.5417
-592.478	46.4583
-593.205	45.875
-593.931	46.25
-594.658	45.9583
-595.387	46.4583
-596.114	46.0833
-596.841	45.875
-597.568	45.7917
-598.297	45.875
-599.025	46.0833
-599.752	45.875
-600.48	46.5833
-601.207	46.4167
-601.936	46.125
-602.664	46.4583
-603.392	46.25
-604.119	46.2083
-604.849	45.5
-605.577	45.7917
-606.305	46.5833
-607.033	45.8333
-607.763	45.25
-608.491	46.5
-609.219	46
-609.949	45.875
-610.677	45.625
-611.406	46.9583
-612.134	45.8333
-612.865	45.25
-613.593	46.5833
-614.322	45.9583
-615.051	46.25
-615.781	46.6667
-616.51	45.5417
-617.239	46.75
-617.97	45.7917
-618.699	46.3333
-619.428	45.75
-620.157	46.1667
-620.888	46.4583
-621.617	45.75
-622.347	45.4583
-623.078	45.9167
-623.807	46.5
-624.537	46.25
-625.268	46.3333
-625.998	46.4583
-626.728	46.125
-627.458	46.5833
-628.189	46.2083
-628.919	45.75
-629.649	46.2083
-630.381	45.8333
-631.111	46.4167
-631.841	46.875
-632.573	46.1667
-633.304	45.875
-634.034	45.9167
-634.766	46.75
-635.497	44.9583
-636.228	46.5833
-636.96	45.9583
-637.691	46.4167
-638.422	46.5833
-639.154	46.4167
-639.885	46.1667
-640.616	45.625
-641.349	46.0417
-642.08	46.9583
-642.811	45.9583
-643.544	46.375
-644.276	46.125
-645.007	46.4167
-645.74	45.75
-646.472	46.375
-647.205	45.6667
-647.937	46.5
-648.668	46.25
-649.402	45.6667
-650.134	45.8333
-650.866	46
-651.599	47.125
-652.331	46.1667
-653.065	46
-653.797	46.4167
-654.53	46.9167
-655.264	46.875
-655.996	46.5
-656.728	46.2083
-657.463	46.4167
-658.195	46.2083
-658.93	46.125
-659.662	45.875
-660.395	46.5833
-661.13	46.875
-661.862	45.7917
-662.597	45.7083
-663.33	46.3333
-664.063	46.125
-664.798	46.375
-665.531	46.5417
-666.266	46
-667	46.3333
-667.733	46.5833
-668.468	45.875
-669.202	46.3333
-669.937	45.875
-670.671	46.2083
-671.406	46.7917
-672.14	45.875
-672.874	46
-673.61	46.2917
-674.344	46.0833
-675.079	45.7917
-675.814	45.7917
-676.549	46.8333
-677.284	46.3333
-678.018	45.9167
-678.754	46.25
-679.489	46.25
-680.225	46.7083
-680.959	45.9583
-681.696	46.1667
-682.431	46.375
-683.167	45.875
-683.902	46.3333
-684.639	46.2917
-685.374	46.125
-686.109	46.0833
-686.845	46.4167
-687.581	46.0417
-688.318	46.9167
-689.053	45.9583
-689.79	45.25
-690.525	46.125
-691.263	46.8333
-691.998	46.5417
-692.736	45.4167
-693.471	46.25
-694.209	46.6667
-694.945	45.875
-695.682	46.4167
-696.418	46
-697.156	46.2917
-697.892	46.625
-698.63	46.25
-699.366	46.4583
-700.104	45.75
-700.841	46.2083
-701.579	45.4583
-702.315	46.2917
-703.054	46.375
-703.79	46
-704.529	45.6667
-705.265	46.0417
-706.004	46.0833
-706.741	46.5
-707.479	46.0417
-708.216	45.875
-708.955	46.2083
-709.692	45.75
-710.431	46.625
-711.169	46.3333
-711.908	46.0833
-712.645	46.5833
-713.384	46
-714.122	46.375
-714.861	45.7917
-715.601	46.1667
-716.338	45.8333
-717.078	46.2917
-717.816	46.25
-718.555	46.0833
-719.294	45.9583
-720.033	46.2083
-720.771	46.2917
-721.511	46.125
-722.25	45.8333
-722.99	46.375
