657.203	50.9091
656.588	42.8182
655.974	50.3636
655.359	47.8182
654.744	48.2727
654.129	46
653.516	47.0909
652.901	47.7273
652.286	48.3636
651.671	45.6364
651.056	46.4545
650.44	47.0909
649.825	47.5455
649.21	48.5455
648.595	47.4545
647.979	47.8182
647.364	46
646.749	46.6364
646.133	46.6364
645.518	47.1818
644.902	47.3636
644.286	46.5455
643.671	46.8182
643.055	46.9091
642.439	46.6364
641.823	47.7273
641.207	46.7273
640.591	47
639.976	46.7273
639.359	46.9091
638.743	47
638.127	47.1818
637.511	45.9091
636.895	46.7273
636.279	47.9091
635.662	47.1818
635.046	47.4545
634.429	46.4545
633.813	47.9091
633.196	46.5455
632.58	47.6364
631.963	46.7273
631.346	45.9091
630.73	46.6364
630.113	47.4545
629.496	48.0909
628.879	47.6364
628.262	47.3636
627.645	46
627.027	46.9091
626.41	46.1818
625.793	46.8182
625.175	47.5455
624.558	46.8182
623.941	46.3636
623.324	46.2727
622.706	47
622.089	46.6364
621.471	45.2727
620.854	47.4545
620.236	46.6364
619.618	47.3636
619.001	46.6364
618.382	46.4545
617.764	48.8182
617.146	46.1818
616.528	47.2727
615.91	46.2727
615.292	47.1818
614.674	47.7273
614.056	46
613.438	47
612.818	45.9091
612.2	46.2727
611.582	47
610.963	47.5455
610.345	47.0909
609.727	47
609.108	46.7273
608.489	47.3636
607.869	47.4546
607.251	47.6364
606.632	47
606.013	46.6364
605.395	46.4545
604.776	46.1818
604.157	47.2727
603.536	47.1818
602.917	47.1818
602.298	47.3636
601.679	45.7273
601.06	46.7273
600.441	46.3636
599.82	47.3636
599.201	47.6364
598.582	46.9091
597.962	46
597.343	47.3636
596.723	48
596.102	47.3636
595.483	47.2727
594.863	47.3636
594.243	47.4545
593.624	47.5455
593.002	47.8182
592.382	46.8182
591.763	46.8182
591.143	46.7273
590.523	47.2727
589.901	47.0909
589.281	47.3636
588.661	46.9091
588.041	46.6364
587.419	47.0909
586.799	47.3636
586.178	45.4545
585.558	46.4545
584.937	47.7273
584.315	46.6364
583.695	47.8182
583.074	46.9091
582.454	46.6364
581.831	46.1818
581.211	46.5455
580.59	47.5455
579.969	46.8182
579.347	47.2727
578.726	48.0909
578.105	46
577.482	46.9091
576.861	46.6364
576.24	47.7273
575.619	46.9091
574.996	46.7273
574.375	46
573.753	47.5455
573.132	45.8182
572.509	46.0909
571.887	47.9091
571.266	46.9091
570.643	47.4545
570.021	47.4545
569.399	46.0909
568.777	46.7273
568.154	47.0909
567.532	45
566.91	46.6364
566.287	47.7273
565.665	46.4545
565.043	46.9091
564.419	46
563.797	46.8182
563.175	47.1818
562.551	46.9091
561.929	46.2727
561.306	47
560.683	46.7273
560.06	47.1818
559.438	45.7273
558.813	47.5455
558.191	46
557.568	47.2727
556.944	46.8182
556.321	46.6364
555.698	46.9091
555.074	46
554.451	47.2727
553.827	47.2727
553.204	47.9091
552.58	46.5455
551.956	46.5455
551.333	47.5455
550.709	47.2727
550.085	46.8182
549.461	46.5455
548.836	47.0909
548.213	47.2727
547.589	46.3636
546.964	47.9091
546.341	46.3636
545.717	47.0909
545.092	46.2727
544.468	46.9091
543.843	46.4545
543.219	47
542.594	47.1818
541.97	47.3636
541.346	47.0909
540.72	46.0909
540.096	47.5455
539.471	46.8182
538.846	47.4545
538.222	46.8182
537.596	46.6364
536.972	47.3636
536.346	47.0909
535.722	45.9091
535.096	45.3636
534.471	47.3636
533.845	47.2727
533.22	45.8182
532.596	46.6364
531.969	47.3636
531.344	46.4545
530.718	47.4545
530.093	44.9091
529.467	47
528.842	46.5455
528.215	46.7273
527.59	46.7273
526.963	46
526.338	45.9091
525.711	47.4545
525.086	47.4545
524.459	46.5455
523.834	47.1818
523.207	47.2727
522.581	47.0909
521.956	47.7273
521.329	47.7273
520.703	46.8182
520.076	47.4545
519.45	48.0909
518.823	47.8182
518.195	46.5455
517.569	46.3636
516.942	47.1818
516.316	47.4545
515.688	46.8182
515.062	46.9091
514.434	46.6364
513.808	47
513.18	47
512.554	46.5455
511.926	45.7273
511.3	47.3636
510.672	46.6364
510.045	46.0909
509.417	47.7273
508.79	47.1818
508.162	47.7273
507.534	48
506.907	47.5455
506.279	47.3636
505.652	45.8182
505.023	47.6364
504.396	46.9091
503.768	45.7273
503.139	46.6364
502.512	46.5455
501.883	47.1818
501.256	47.0909
500.627	47.0909
500	46.5455
499.371	47
498.742	47.1818
498.114	46.2727
497.485	47.4545
496.858	47.0909
496.228	46.2727
495.599	47.4545
494.971	46.8182
494.342	47.9091
493.714	46.9091
493.085	46.4545
492.455	48.4545
491.827	47
491.198	47.4545
490.568	46
489.94	47.4545
489.31	45.5455
488.682	46.5455
488.052	47.3636
487.422	46.6364
486.794	47.9091
486.164	46.9091
485.534	47.4545
484.905	46.9091
484.275	46.3636
483.645	47.2727
483.016	46.5455
482.385	46.2727
481.755	47.1818
481.126	47.1818
480.496	47.4545
479.867	47.0909
479.236	48.0909
478.606	47
477.975	46
477.346	47.1818
476.715	46.2727
476.084	47.2727
475.455	46.4545
474.824	46
474.193	46.6364
473.563	47.6364
472.932	46.9091
472.301	46.6364
471.671	46
471.04	47.4545
470.409	46
469.777	46.9091
469.147	47.2727
468.516	47
467.885	46.6364
467.254	48.1818
466.623	46.3636
465.991	47.2727
465.359	47.0909
464.729	47.8182
464.097	46.9091
463.466	47.2727
462.835	47.2727
462.203	47.8182
461.571	46.7273
460.939	47.0909
460.308	46.9091
459.676	47.8182
459.044	46.9091
458.412	45.7273
457.781	47.1818
457.149	47.3636
456.516	47.2727
455.884	46.6364
455.253	46.7273
454.62	47
453.987	46.6364
453.355	47.7273
452.722	47.1818
452.091	47.5455
451.458	46.9091
450.825	47.8182
450.192	46.2727
449.56	47.4545
448.927	48
448.294	47
447.661	46.5455
447.028	47.3636
446.396	47.5455
445.763	48
445.129	46.8182
444.496	47.1818
443.862	46.3636
443.23	46.9091
442.597	46.3636
441.963	46.0909
441.33	46
440.696	47.5455
440.062	47
439.43	47.4545
438.796	46.4545
438.162	47.2727
437.528	46.9091
436.894	46.6364
436.26	46.2727
435.627	46.5455
434.993	47.8182
434.359	46.9091
433.724	47.3636
433.09	47.7273
432.456	46.8182
431.821	47.3636
431.188	47.1818
430.553	47.1818
429.919	46.3636
429.284	46.8182
428.649	47.4545
428.015	46.1818
427.38	46.2727
426.746	47.3636
426.111	47.0909
425.477	46.8182
424.841	48.2727
424.206	47.4545
423.571	47.3636
422.936	45.9091
422.301	47
421.665	47.0909
421.03	47.2727
420.396	47.3636
419.761	47.1818
419.125	46.2727
418.49	46.3636
417.854	47.0909
417.218	47
416.583	47.9091
415.947	46.9091
415.311	46.7273
414.675	46.2727
414.039	46.7273
413.403	47.3636
412.769	47.2727
412.133	47.3636
411.496	46.5454
410.86	46.8182
410.224	46.1818
409.588	46.5455
408.951	47.5455
408.315	46.9091
407.679	47
407.042	46.1818
406.406	46.3636
405.769	47.2727
405.132	46.2727
404.496	46.9091
403.859	47.2727
403.222	47.3636
402.585	47.0909
401.948	45.1818
401.311	47.0909
400.674	47.6364
400.037	47.4545
399.4	46.9091
398.763	46
398.125	47.2727
397.488	47.0909
396.851	47.1818
396.213	46.1818
395.576	46.2727
394.938	47.0909
394.301	47.2727
393.663	47.9091
393.026	47
392.388	46.0909
391.75	46.6364
391.112	47.3636
390.474	47.7273
389.837	46.7273
389.199	47.1818
388.561	46.8182
387.922	46.4545
387.284	46.2727
386.646	46.8182
386.008	47.6364
385.37	46.6364
384.731	47.4545
384.093	46.3636
383.454	48.3636
382.816	46.1818
382.177	47.8182
381.539	47
380.9	47
380.261	46.9091
379.622	47.4545
378.982	47
378.343	47.6364
377.704	46.2727
377.065	47
376.426	46.3636
375.787	47
375.148	46.9091
374.509	47
373.87	47.0909
373.23	47.5455
372.591	47.6364
371.952	47.5455
371.312	47.4545
370.671	48
370.032	47.2727
369.392	48.0909
368.752	47.1818
368.113	47.9091
367.473	46.5455
366.833	46.6364
366.193	46.7273
365.553	46.6364
364.912	47.6364
364.272	47.9091
363.632	46.0909
362.991	47.2727
362.351	46.8182
361.711	47.6364
361.071	46.6364
360.43	46.8182
359.788	47.8182
359.148	46.6364
358.507	47.8182
357.867	47.8182
357.226	47.9091
356.585	47.6364
355.943	47
355.303	48.3636
354.662	47.1818
354.021	47.7273
353.38	46.8182
352.739	46.6364
352.098	47.6364
351.455	48.9091
350.814	48.5455
350.173	46.1818
349.532	47.7273
348.89	48
348.247	47.0909
347.606	47.3636
346.964	46.9091
346.323	47.2727
345.681	48
345.038	46.9091
344.397	46.7273
343.755	46.9091
343.113	48
342.471	48.3636
341.828	47.2727
341.186	47.5455
340.544	48.0909
339.902	45.5455
339.26	47.1818
338.616	47
337.974	46.5455
337.331	46.8182
336.689	46.5455
336.045	47.6364
335.403	47.2727
334.76	48
334.118	47.0909
333.475	47.7273
332.831	48.5455
332.188	47.1818
331.546	47.4545
330.903	47.4545
330.258	47.7273
329.616	46.7273
328.973	47.7273
328.33	48
327.685	46.4545
327.042	47.9091
326.399	47.4545
325.754	47
325.111	47.2727
324.467	48.0909
323.824	47.7273
323.179	47.7273
322.535	46.7273
321.892	48.6364
321.247	47.1818
320.603	48.1818
319.959	46.2727
319.316	48
318.67	48.4545
318.026	47.3636
317.383	47.8182
316.737	47.5455
316.093	47.3636
315.449	47.7273
314.803	48.9091
314.159	47.5455
313.515	47.5455
312.871	47.1818
312.225	46.5455
311.58	47.9091
310.936	48.7273
310.29	47.0909
309.645	49.2727
309.001	47.4545
308.354	48.6364
307.71	47.2727
307.065	48.6364
306.419	46.7273
305.774	47.7273
305.129	48.1818
304.482	48
303.837	48.9091
303.191	47.9091
302.545	46.9091
301.9	47.7273
301.253	48.0909
300.608	48.2727
299.963	47.2727
299.316	47.9091
298.67	48.3636
298.025	49
297.378	48
296.732	48.1818
296.085	48.1818
295.439	47.1818
294.793	48.1818
294.146	48.4545
293.5	47.1818
292.853	47.7273
292.206	48.2727
291.56	48.4545
290.913	48.7273
290.267	49
289.619	48.9091
288.973	48.2727
288.326	47.7273
287.678	47.8182
287.032	49.0909
286.384	48.9091
285.737	48.5455
285.091	48.7273
284.442	48.4545
283.796	47.8182
283.147	48.4545
282.501	48.4545
281.852	48.1818
281.205	49.1818
280.557	47.3636
279.91	48.7273
279.263	48.3636
278.614	48.5455
277.967	49
277.318	49.3636
276.671	49
276.022	48.7273
275.374	48.1818
274.725	48.9091
274.078	47.9091
273.429	49.8182
272.781	49.6364
272.133	49.1818
271.484	48.3636
270.836	48.6364
270.187	49.2727
269.539	49.9091
268.89	49.0909
268.242	48.7273
267.592	50.2727
266.944	48.3636
266.294	50.7273
265.646	50.0909
264.996	50
264.348	49.4545
263.698	50.7273
263.05	51.0909
262.4	49.7273
261.751	49.5455
261.101	52.0909
260.452	49.2727
259.802	49
259.153	50.5455
258.503	51.0909
257.854	49.9091
257.204	49.3636
256.553	50.1818
255.904	51.0909
255.253	51.6364
254.604	50.8182
253.954	50.3636
253.304	50.0909
252.653	50.5455
252.004	50.5455
251.353	51.5455
250.704	51.1818
250.053	51.4545
249.402	51.3636
248.752	52.2727
248.101	50.3636
247.451	51.7273
246.8	50.3636
246.15	50.5455
245.498	51.8182
244.848	50.6364
244.197	50.4545
243.545	50.7273
242.895	50.3636
242.243	51.2727
241.593	51.5455
240.941	49.4545
240.29	51.2727
239.639	49
238.987	51.8182
238.337	50.5455
237.685	50.1818
237.032	51.8182
236.382	50.3636
235.73	52.6364
235.079	50.8182
234.426	50.3636
233.774	50.9091
233.123	50.3636
232.471	51.3636
231.819	50.5455
231.167	52.2727
230.514	51.1818
229.863	50.9091
229.21	50.7273
228.557	51.0909
227.906	50.1818
227.253	50.9091
226.6	52.7273
225.948	50.9091
225.295	50.5455
224.644	50.3636
223.99	52.8182
223.337	51
222.685	51.0909
222.032	51.4545
221.379	50.0909
220.727	50.2727
220.073	50.2727
219.419	51
218.767	52
218.114	52
217.46	50.3636
216.807	50.7273
216.154	52
215.5	50.3636
214.847	51.4545
214.193	50.9091
213.539	51.1818
212.885	50.6364
212.232	50.2727
211.578	50.0909
210.924	51.6364
210.271	51.3636
209.616	50.5455
208.962	49.2727
208.309	50.3636
207.654	50.0909
207	51.2727
206.345	50.3636
205.692	51
205.037	49.7273
204.382	50.3636
203.729	50.0909
203.074	50.3636
202.419	50.1818
201.763	52
201.11	51
200.455	50.6364
199.799	51.6364
199.144	51.2727
198.49	50.1818
197.835	50.3636
197.179	49.8182
196.524	51.2727
195.87	50.8182
195.214	51.8182
194.558	51.8182
193.903	51.4545
193.248	51.6364
192.593	51.2727
191.937	52.6364
191.281	50.2727
190.626	52.1818
189.97	52.2727
189.314	51.5455
188.658	52.5455
188.002	52.8182
187.347	51.8182
186.69	53.1818
186.034	53.5455
185.378	53.0909
184.723	53.7273
184.066	53.3636
183.409	53.5455
182.753	54
182.096	54.2727
181.441	53.1818
180.784	53.5455
180.127	55.5455
179.47	53.0909
178.813	55.4545
178.156	55.0909
177.5	56.0909
176.843	54.9091
176.186	56.2727
175.529	55.4545
174.871	57.0909
174.215	55.5455
173.558	57.0909
172.9	56
172.243	57.3636
171.585	57.7273
170.928	56.5455
170.27	56.8182
169.614	57.4545
168.956	57.1818
168.298	59.2727
167.64	60.5455
166.982	58.8182
166.324	59.0909
165.667	60.7273
165.009	60.6364
164.351	59.2727
163.693	60
163.034	62.2727
162.376	61.4545
161.717	59.6364
161.059	60.7273
160.402	61.1818
159.743	62.4545
159.085	62.1818
158.426	62.1818
157.767	64.6364
157.108	62.1818
156.449	64
155.79	63.8182
155.131	63.7273
154.474	64.0909
153.815	64.3636
153.156	65.7273
152.496	68.0909
151.837	65.6364
151.178	66.7273
150.518	68.7273
149.859	67.1818
149.199	69.3636
148.54	71.7273
147.88	71.9091
147.221	73.5455
146.562	76.4545
145.903	76.5455
145.243	77.3636
144.583	78.3636
143.923	83.8182
143.263	89.4545
142.603	93.4546
141.943	98.6364
141.283	107.364
140.622	115.273
139.962	125.636
139.302	135.909
138.641	144.364
137.981	148.273
137.32	151.545
136.66	155.182
135.999	140.545
135.339	138.545
134.678	134.273
134.017	134.091
133.356	126.727
132.695	121.455
132.034	120.364
131.373	119.909
130.712	114.909
130.053	113
129.392	111.455
128.73	109.364
128.069	110.091
127.408	103.364
126.746	102.545
126.085	98.5454
125.423	97.7273
124.762	97.0909
124.1	95.5455
123.437	93.8182
122.775	93.3636
122.113	89.2727
121.452	91.4545
120.79	87.9091
120.128	84.3636
119.466	85.8182
118.804	85
118.142	85.0909
117.479	83.5455
116.817	86
116.155	85.7273
115.493	85.3636
114.83	83.7273
114.168	86.0909
113.505	84.3636
112.843	83.4546
112.18	86.8182
111.517	85.3636
110.855	87.5455
110.192	91.4545
109.529	89.4546
108.866	91.4545
108.203	93.5455
107.54	96.7273
106.876	101.818
106.212	102.364
105.549	106.364
104.886	107
104.223	114.273
103.559	119.364
102.896	129.364
102.232	140.727
101.569	159.182
100.905	170.091
100.242	200.091
99.5781	228.364
98.9128	261
98.249	295.182
97.5852	317.636
96.9213	326.545
96.2573	317.182
95.5933	294.273
94.9292	285.545
94.2651	271.364
93.6009	251.909
92.9351	239.636
92.2708	223.727
91.6065	208.909
90.942	189.273
90.2776	181.636
89.613	168.727
88.9484	157.455
88.2838	149.727
87.6176	137.455
86.9528	130.455
86.288	123.455
85.6232	116.818
84.9582	110.727
84.2933	103.636
83.6282	102.818
82.9616	100.727
82.2965	97
81.6313	92.2727
80.966	86.1818
80.3007	86.5455
79.6353	84.5455
78.9684	81.1818
78.3029	80.1818
77.6374	77.3636
76.9718	76.9091
76.3061	73.8182
75.6404	74.2727
74.9731	72.3636
74.3073	71.5455
73.6414	71.6364
72.9755	70.2727
72.3095	70.4545
71.6419	69.1818
70.9758	70.6364
70.3097	69.2727
69.6434	68.9091
68.9772	69.7273
68.3093	71.5455
67.6429	67.6364
66.9765	71.1818
66.31	68.1818
65.6434	68.7273
64.9753	69.2727
64.3086	66.8182
63.6419	67.4545
62.9751	65.1818
62.3068	67.7273
61.6399	67.7273
60.9729	66.0909
60.3059	68.3636
59.6388	66.0909
58.9702	67.4545
58.303	66.8182
57.6358	66.7273
56.9685	66.3636
56.2996	64.8182
55.6322	66.2727
54.9648	66.0909
54.2972	66
53.6281	63.8182
52.9605	64
52.2928	62.4545
51.6251	64.1818
50.9558	64.0909
50.2879	62.8182
49.62	64.6364
48.952	62
48.2825	60.2727
47.6144	61.9091
46.9462	61.1818
46.2765	59.4545
45.6083	61.5455
44.94	60.3636
44.2716	62.5455
43.6016	59.8182
42.9332	61.9091
42.2646	62.1818
41.5945	60.9091
40.9259	61.0909
40.2571	61.7273
39.5869	62
38.918	60.4545
38.2492	61.5455
37.5802	60.3636
36.9097	61.8182
36.2407	62.1818
35.5715	61.5455
34.9009	62.6364
34.2316	62.6364
33.5624	62.2727
32.8915	63
32.2221	62
31.5527	62.9091
30.8816	62.0909
30.2121	63
29.5425	61.8182
28.8713	61.4545
28.2015	62.7273
27.5317	63.8182
26.8604	62
26.1905	62.8182
25.5205	61.3636
24.849	63.6364
24.1789	62.8182
23.5088	61.5455
22.8371	62.9091
22.1668	63.3636
21.495	64.2727
20.8246	63.7273
20.1542	65.1818
19.4822	65.1818
18.8117	66.6364
18.1411	67.1818
17.4689	69.1818
16.7982	69.9091
16.1259	70.3636
15.4551	70.8182
14.7843	71.2727
14.1118	71.2727
13.4408	74.9091
12.7698	74.7273
12.0972	77.1818
11.426	84.7273
10.7533	86.4545
10.082	91.0909
9.41065	91.6364
8.73774	91.4546
8.0663	95
7.39328	93.5455
6.72172	94.8182
6.04858	95.7273
5.3769	95.4546
4.70517	87.9091
4.03186	85.2727
3.36002	89.9091
2.68659	121.273
2.01463	294.273
1.34109	881.182
0.669021	2012.91
-0.00310931	3935.91
-0.676821	5400.64
-1.34907	3754.36
-2.02289	1504.82
-2.69525	568.182
-3.36919	289
-4.04167	207.455
-4.71573	151.636
-5.38831	124
-6.06096	111.364
-6.73519	100.455
-7.40795	93.9091
-8.08229	88.2727
-8.75517	83.1818
-9.42963	79.7273
-10.1026	77
-10.7772	75.7273
-11.4503	74.7273
-12.125	69.1818
-12.7982	66.9091
-13.473	66.8182
-14.1463	67.6364
-14.8213	64.0909
-15.4947	63
-16.1697	63
-16.8433	62.1818
-17.5185	62.9091
-18.1921	61.5455
-18.8674	60
-19.5412	60.3636
-20.2166	59.1818
-20.8905	59.8182
-21.566	59.9091
-22.24	60.3636
-22.9156	57.8182
-23.5897	59.5454
-24.2655	59.0909
-24.9397	58.8182
-25.6156	58.3636
-26.2899	58.4545
-26.9659	57.9091
-27.6404	59.5455
-28.3164	58.3636
-28.991	59.5454
-29.6672	56.6364
-30.3419	57.4545
-31.0182	57.3636
-31.6931	57.2727
-32.3695	57.8182
-33.046	56.6364
-33.721	55.8182
-34.3976	56.0909
-35.0727	55
-35.7494	54.2727
-36.4246	54.7273
-37.1014	57.0909
-37.7768	56.3636
-38.4537	53.5455
-39.1307	56.4545
-39.8062	55.4545
-40.4833	54.3636
-41.159	54.7273
-41.8362	55.3636
-42.512	53
-43.1893	53.3636
-43.8667	53.6364
-44.5426	53.8182
-45.2201	54.6364
-45.8962	55.8182
-46.5738	54
-47.2515	54.2727
-47.9277	56.1818
-48.6055	53.9091
-49.2818	53.0909
-49.9598	55
-50.6377	54.2727
-51.3142	54.0909
-51.9923	55.8182
-52.669	54.5455
-53.3472	55.1818
-54.0254	53.6364
-54.7022	54.9091
-55.3806	54
-56.0575	56.3636
-56.736	54.8182
-57.4146	54.9091
-58.0917	55.4545
-58.7703	53.9091
-59.4491	55.0909
-60.1263	55
-60.8052	55.3636
-61.4841	55.1818
-62.1615	55.2727
-62.8405	54.6364
-63.5181	55.4545
-64.1972	55.3636
-64.8764	55.4545
-65.5541	55.0909
-66.2334	56.2727
-66.9128	55.0909
-67.5907	55.4545
-68.2702	53.5455
-68.9497	54.7273
-69.6278	56.0909
-70.3075	55.3636
-70.9872	54.9091
-71.6654	55.7273
-72.3453	55.2727
-73.0252	56.2727
-73.7036	55.8182
-74.3836	55
-75.0637	54.5454
-75.7438	56
-76.4224	56
-77.1027	56.9091
-77.783	56.9091
-78.4618	56.8182
-79.1422	58.8182
-79.8227	59.1818
-80.5017	60.7273
-81.1823	60.7273
-81.8629	61
-82.5436	60.4545
-83.2229	61.1818
-83.9037	64.8182
-84.5846	65.9091
-85.264	64.4545
-85.945	67.0909
-86.626	69.1818
-87.3072	71.7273
-87.9868	73.3636
-88.668	75
-89.3493	78.9091
-90.0291	79.0909
-90.7105	81.4546
-91.392	87.6364
-92.0735	86.4545
-92.7536	88.9091
-93.4352	90.2727
-94.1169	94.5455
-94.7987	91.2727
-95.479	92.8182
-96.1609	92.8182
-96.8428	96.2727
-97.5248	92.5455
-98.2053	95.6364
-98.8874	91.3636
-99.5696	86.7273
-100.252	80.8182
-100.934	78.1818
-101.615	71.3636
-102.297	68.3636
-102.98	67.9091
-103.662	64.6364
-104.343	61.6364
-105.026	62.0909
-105.709	58.8182
-106.391	59.3636
-107.074	59.0909
-107.756	57.8182
-108.438	56.5455
-109.121	57.6364
-109.805	57.4545
-110.488	55.7273
-111.169	55.3636
-111.852	56
-112.536	54.7273
-113.219	55.3636
-113.902	54
-114.584	53.9091
-115.268	52.7273
-115.951	54.6364
-116.635	54.3636
-117.319	55
-118.003	55.3636
-118.685	52.2727
-119.369	53.1818
-120.053	54.4545
-120.737	54.2727
-121.421	55.1818
-122.103	54.7273
-122.787	55.6364
-123.472	55
-124.156	56.6364
-124.84	56.5455
-125.525	56.1818
-126.209	57.3636
-126.892	58
-127.577	57.9091
-128.261	56.9091
-128.946	58.9091
-129.631	59.3636
-130.316	58.8182
-131	59.4545
-131.684	59.3636
-132.369	61.6364
-133.054	57.8182
-133.739	59.1818
-134.424	62.5455
-135.109	59
-135.795	60.3636
-136.48	56.7273
-137.164	58.4545
-137.849	57.8182
-138.535	57.1818
-139.22	56.1818
-139.906	55.2727
-140.592	54.4545
-141.277	53.1818
-141.963	51.7273
-142.649	53.7273
-143.335	51.5455
-144.019	51.3636
-144.706	50.9091
-145.392	50.4546
-146.078	49.8182
-146.764	48.7273
-147.45	48.3636
-148.137	48.6364
-148.823	49.0909
-149.509	49.9091
-150.196	48.8182
-150.883	50
-151.569	48.8182
-152.256	47.9091
-152.941	47.4545
-153.628	48.4545
-154.315	48.4545
-155.002	47.5455
-155.689	48
-156.376	48.4545
-157.063	47.3636
-157.75	48
-158.437	47.3636
-159.125	47.9091
-159.812	47.6364
-160.499	47.1818
-161.187	47.1818
-161.874	48.0909
-162.562	46.7273
-163.25	47
-163.937	47.9091
-164.625	46.7273
-165.313	46.9091
-166.001	48.1818
-166.689	46.6364
-167.377	47.0909
-168.065	48.3636
-168.753	48.4545
-169.441	47
-170.129	47.1818
-170.818	46.9091
-171.506	46.8182
-172.194	46.8182
-172.883	47.6364
-173.571	47.1818
-174.26	46.8182
-174.949	47
-175.637	46.9091
-176.326	47.3636
-177.015	47
-177.704	46.7273
-178.393	46.6364
-179.082	46.3636
-179.771	46.3636
-180.46	46.4545
-181.149	46.2727
-181.838	46.1818
-182.528	46.0909
-183.217	46.7273
-183.907	45.7273
-184.596	45.8182
-185.286	46.8182
-185.975	46.6364
-186.665	47
-187.355	46.6364
-188.044	46.7273
-188.734	45.6364
-189.424	46.5455
-190.114	47.5455
-190.804	46.0909
-191.494	46.1818
-192.184	45.7273
-192.876	46.0909
-193.566	45.9091
-194.257	46.2727
-194.947	46.1818
-195.637	47.1818
-196.328	46
-197.018	47.1818
-197.709	46.4545
-198.4	46.6364
-199.09	45.4545
-199.781	46.3636
-200.472	46.9091
-201.163	46
-201.856	46.3636
-202.547	46.2727
-203.238	46.7273
-203.929	46.7273
-204.62	46.9091
-205.311	45.5455
-206.003	47.5455
-206.694	46
-207.386	45.9091
-208.077	46.6364
-208.77	46.3636
-209.462	46.4545
-210.153	45.9091
-210.845	46.8182
-211.537	46
-212.229	47.1818
-212.921	45.5455
-213.613	46.9091
-214.305	46.1818
-214.999	46.3636
-215.691	46
-216.383	46.1818
-217.075	46.8182
-217.768	45.8182
-218.46	46
-219.152	45.5455
-219.847	47.0909
-220.539	45
-221.232	46.1818
-221.925	46.6364
-222.617	46.4545
-223.31	45.9091
-224.005	46
-224.698	47
-225.391	46.5455
-226.084	46.1818
-226.777	45.2727
-227.47	46.2727
-228.165	47.2727
-228.858	46.3636
-229.551	46.2727
-230.245	46.3636
-230.938	46.1818
-231.632	46.1818
-232.327	47.0909
-233.021	45.3636
-233.714	46.4545
-234.408	46.1818
-235.102	46
-235.798	46
-236.492	45.6364
-237.186	46.6364
-237.88	46.0909
-238.574	46.6364
-239.27	46.1818
-239.964	46.5455
-240.658	47.0909
-241.353	46.7273
-242.047	47.1818
-242.743	45.8182
-243.438	46.6364
-244.132	46.9091
-244.827	46.8182
-245.523	45.9091
-246.218	46.4545
-246.913	45.8182
-247.608	46.5455
-248.303	46.6364
-248.999	45.6364
-249.695	46.4545
-250.39	47
-251.085	45.6364
-251.782	45.6364
-252.477	45.8182
-253.173	45.7273
-253.868	45.6364
-254.565	45.8182
-255.261	47.1818
-255.956	46.5455
-256.652	46.0909
-257.35	46.0909
-258.045	46.2727
-258.741	46
-259.437	46.2727
-260.135	46.3636
-260.831	45
-261.527	46.3636
-262.225	46.6364
-262.921	46.1818
-263.617	46.6364
-264.314	46.1818
-265.012	45.5455
-265.708	45.5455
-266.405	46.7273
-267.103	45.8182
-267.8	46
-268.496	45.3636
-269.193	46.5455
-269.892	46.5455
-270.589	47.2727
-271.286	44.8182
-271.984	46.6364
-272.681	46
-273.378	46
-274.077	46.3636
-274.775	46.1818
-275.472	45.2727
-276.171	45.8182
-276.868	45.6364
-277.566	46
-278.263	46
-278.963	45.2727
-279.66	46.4545
-280.358	46
-281.058	45.6364
-281.755	46.1818
-282.453	46.1818
-283.153	45.6364
-283.851	45.8182
-284.549	46.2727
-285.249	45.5455
-285.947	46.2727
-286.647	45.5455
-287.345	45.5455
-288.044	45.2727
-288.744	46.7273
-289.443	45.9091
-290.141	45.5455
-290.841	46.1818
-291.54	45.3636
-292.239	47.4545
-292.939	46.2727
-293.638	46
-294.339	44.9091
-295.038	45.4545
-295.737	46.3636
-296.438	45.8182
-297.137	45.7273
-297.836	46
-298.537	45.5455
-299.237	45.4545
-299.938	46.1818
-300.637	46.2727
-301.337	46.2727
-302.038	46
-302.738	46.2727
-303.439	46.1818
-304.139	45.5455
-304.839	46.4545
-305.54	46.8182
-306.24	46.0909
-306.942	46.2727
-307.642	46.9091
-308.342	45.5455
-309.044	46.4545
-309.745	46.0909
-310.447	45.6364
-311.147	46
-311.849	45.6364
-312.55	44.9091
-313.25	46.6364
-313.953	45.5455
-314.653	45.3636
-315.356	46.4545
-316.057	46.3636
-316.759	44.5455
-317.46	45.7273
-318.161	45.9091
-318.864	46
-319.565	45.5455
-320.268	45.6364
-320.969	46.0909
-321.672	47
-322.373	46.9091
-323.077	46.1818
-323.778	46.4545
-324.481	45.9091
-325.183	45.2727
-325.885	45.3636
-326.588	45.8182
-327.29	46.6364
-327.993	45.6364
-328.695	45.0909
-329.399	45.9091
-330.101	46.7273
-330.805	44.2727
-331.507	46.6364
-332.211	45.6364
-332.913	45.8182
-333.617	46
-334.32	45.5455
-335.024	46.4545
-335.726	44.6364
-336.431	46.6364
-337.133	45.8182
-337.838	45.8182
-338.54	46.0909
-339.245	45.1818
-339.948	45.6364
-340.652	45.9091
-341.356	45.8182
-342.06	46.2727
-342.763	45.5454
-343.468	45.0909
-344.172	45.0909
-344.877	46.0909
-345.58	45.8182
-346.285	46.3636
-346.989	45.5455
-347.694	46
-348.399	45.4545
-349.103	46.0909
-349.808	45.9091
-350.512	44.9091
-351.218	45.9091
-351.922	45.5454
-352.627	46.2727
-353.331	45.7273
-354.037	46.2727
-354.741	45.7273
-355.447	46
-356.153	45.6364
-356.858	45.8182
-357.564	46.0909
-358.268	45
-358.975	44.5455
-359.679	45.2727
-360.386	45.8182
-361.09	45.6364
-361.797	46.9091
-362.503	45.9091
-363.208	44.6364
-363.915	45.9091
-364.62	45
-365.327	46.3636
-366.034	45.8182
-366.739	45.2727
-367.446	46.4545
-368.151	46.4545
-368.858	45.5455
-369.564	45.9091
-370.271	45.9091
-370.978	46.4545
-371.684	46.1818
-372.391	46.2727
-373.097	45.1818
-373.805	45.2727
-374.512	46.6364
-375.218	45.9091
-375.926	45.5455
-376.634	46.1818
-377.34	45.3636
-378.048	45.9091
-378.754	46.5455
-379.462	45.4545
-380.17	45.5455
-380.877	46.4545
-381.585	46.2727
-382.293	45
-383	45.9091
-383.708	45.7273
-384.415	46.0909
-385.124	45.7273
-385.832	45.9091
-386.539	46
-387.248	44.3636
-387.956	45.0909
-388.664	46.0909
-389.373	45.9091
-390.081	46.2727
-390.789	45.4545
-391.498	45.4545
-392.207	46.1818
-392.915	46.1818
-393.624	45.2727
-394.333	45.8182
-395.041	46.7273
-395.75	46.9091
-396.46	44.8182
-397.168	46.2727
-397.877	47.0909
-398.587	45.5454
-399.295	45.7273
-400.005	45.2727
-400.715	46.2727
-401.423	46.4545
-402.133	45.5455
-402.843	46.4545
-403.552	46
-404.262	45
-404.972	46
-405.682	46.4545
-406.391	44.4545
-407.101	46.1818
-407.812	45.3636
-408.521	45.7273
-409.231	46.5455
-409.942	47.7273
-410.653	45.5455
-411.362	46.2727
-412.073	45.6364
-412.784	46.3636
-413.493	45.2727
-414.204	46.3636
-414.915	44.8182
-415.626	45.9091
-416.336	46.8182
-417.047	46.3636
-417.759	45.7273
-418.47	44.8182
-419.18	45.6364
-419.891	45.5455
-420.603	45.9091
-421.313	45.4545
-422.025	46.4545
-422.737	45.0909
-423.448	46.0909
-424.159	45.6364
-424.871	45.9091
-425.583	45.8182
-426.295	46.1818
-427.007	45.3636
-427.718	45.9091
-428.43	45.9091
-429.142	45.6364
-429.855	45.5454
-430.566	45.6364
-431.278	46.4545
-431.991	45.7273
-432.703	45.4545
-433.414	45.7273
-434.127	45
-434.84	45.4545
-435.553	46.6364
-436.266	45.1818
-436.977	46.0909
-437.69	45.6364
-438.404	45.7273
-439.117	46.3636
-439.83	45.9091
-440.542	46.4545
-441.255	45.0909
-441.969	45.5454
-442.682	45.0909
-443.396	45.2727
-444.108	45.5455
-444.822	45.5455
-445.535	44.6364
-446.249	46.7273
-446.963	46
-447.676	45.1818
-448.39	46
-449.104	45.0909
-449.818	46.0909
-450.532	45.1818
-451.246	46
-451.959	46.1818
-452.674	46.4545
-453.388	44.7273
-454.103	46.3636
-454.817	45.6364
-455.532	46.6364
-456.245	45.8182
-456.96	46.0909
-457.675	46.0909
-458.39	46.6364
-459.104	46.1818
-459.82	46
-460.535	46.3636
-461.248	47
-461.963	45.6364
-462.679	45.1818
-463.394	46.9091
-464.109	45.4545
-464.825	46.7273
-465.541	46
-466.255	44.2727
-466.97	45.9091
-467.686	45.5455
-468.402	45.6364
-469.118	45.5455
-469.833	45.1818
-470.549	45.5455
-471.266	46.3636
-471.982	46.4545
-472.696	46.3636
-473.412	46
-474.129	46.1818
-474.845	45.5455
-475.562	45.6364
-476.278	45.2727
-476.995	44.1818
-477.711	46.6364
-478.428	45.8182
-479.145	46
-479.86	45.6364
-480.577	45.5455
-481.294	46.3636
-482.011	45.4545
-482.728	45.3636
-483.445	46.7273
-484.162	45.7273
-484.879	46.0909
-485.597	45.7273
-486.314	45.9091
-487.031	46.3636
-487.749	46.2727
-488.466	46.0909
-489.182	45.1818
-489.9	45.7273
-490.618	45.8182
-491.336	45.5455
-492.054	45.0909
-492.771	46.0909
-493.489	45.4545
-494.208	45.9091
-494.926	46
-495.644	45.3636
-496.362	46.8182
-497.08	45.4545
-497.799	46.5455
-498.517	45.5455
-499.236	45.4545
-499.954	45.4545
-500.673	45.8182
-501.392	45.6364
-502.11	46.1818
-502.829	45.3636
-503.548	46.2727
-504.267	45.4545
-504.986	45
-505.705	46.2727
-506.424	46
-507.144	45.5455
-507.863	45.7273
-508.581	45.2727
-509.3	46
-510.019	45.6364
-510.739	45.5455
-511.459	46
-512.178	46.1818
-512.898	45.2727
-513.618	46.1818
-514.338	46.1818
-515.057	44.9091
-515.779	45.3636
-516.499	46.6364
-517.219	45.9091
-517.939	44.6364
-518.66	45.3636
-519.38	46.2727
-520.1	46.7273
-520.821	45.8182
-521.541	45.8182
-522.262	45.0909
-522.982	45.8182
-523.703	45.7273
-524.424	46
-525.144	45.7273
-525.865	45
-526.586	46.5455
-527.307	45.6364
-528.028	45.7273
-528.749	46.5455
-529.471	45.6364
-530.192	45.7273
-530.913	46.1818
-531.635	45.4545
-532.356	45.7273
-533.077	46
-533.799	45.9091
-534.521	46.0909
-535.244	46.4545
-535.966	44.9091
-536.688	46.3636
-537.409	46.4545
-538.131	46.3636
-538.853	46.1818
-539.575	46.2727
-540.298	45.5455
-541.02	45.9091
-541.742	45.1818
-542.464	45.3636
-543.187	45.4545
-543.909	46.1818
-544.633	45.9091
-545.356	45.1818
-546.079	47.1818
-546.801	45.4545
-547.524	45.8182
-548.247	45.7273
-548.97	44.6364
-549.693	45.7273
-550.416	45.9091
-551.139	46.8182
-551.864	45.6364
-552.587	45.7273
-553.31	46.4545
-554.034	46.0909
-554.757	45.1818
-555.48	45.6364
-556.204	45.6364
-556.928	46.6364
-557.651	46.2727
-558.377	46.1818
-559.1	46.1818
-559.824	46.0909
-560.548	46.2727
-561.272	45.9091
-561.996	45.3636
-562.72	46.0909
-563.446	45.9091
-564.17	46.6364
-564.895	45.8182
-565.619	45.8182
-566.344	45.0909
-567.068	46
-567.793	46.1818
-568.519	45
-569.244	46.2727
-569.968	45.7273
-570.693	46.3636
-571.418	45.6364
-572.143	45.5455
-572.87	46.6364
-573.595	45.1818
-574.32	45.7273
-575.045	44.5454
-575.77	45.1818
-576.496	46.1818
-577.223	44.9091
-577.948	46.2727
-578.674	45.5455
-579.399	46.3636
-580.125	44.9091
-580.851	45.5455
-581.578	45.4545
-582.304	46.2727
-583.03	46.3636
-583.756	45.9091
-584.482	46.4545
-585.21	45.8182
-585.936	46.1818
-586.662	46.2727
-587.388	45.8182
-588.115	45.9091
-588.843	46.0909
-589.569	46.2727
-590.296	46.4545
-591.023	44.7273
-591.749	45.5455
-592.478	45.8182
-593.205	46.9091
-593.931	45.3636
-594.658	44.8182
-595.387	45.3636
-596.114	46.4545
-596.841	46.0909
-597.568	45.0909
-598.297	46.0909
-599.025	47.0909
-599.752	46.5455
-600.48	45.4545
-601.207	45.9091
-601.936	45.7273
-602.664	45.3636
-603.392	45.5455
-604.119	45.9091
-604.849	45.8182
-605.577	45.5455
-606.305	46
-607.033	45.8182
-607.763	46.2727
-608.491	45.6364
-609.219	46.5455
-609.949	46.7273
-610.677	46.7273
-611.406	45.6364
-612.134	45.6364
-612.865	45.8182
-613.593	46.0909
-614.322	46.4545
-615.051	46.4545
-615.781	46.1818
-616.51	45.1818
-617.239	45.3636
-617.97	46.4545
-618.699	45.9091
-619.428	45.5455
-620.157	46.1818
-620.888	45.6364
-621.617	47.3636
-622.347	45.4545
-623.078	45.4545
-623.807	46.2727
-624.537	46
-625.268	45.4545
-625.998	45.7273
-626.728	46
-627.458	45.3636
-628.189	45.2727
-628.919	45.3636
-629.649	45.7273
-630.381	46.6364
-631.111	46.3636
-631.841	45.6364
-632.573	46
-633.304	45.9091
-634.034	45.8182
-634.766	44.9091
-635.497	45.3636
-636.228	44.6364
-636.96	45.1818
-637.691	45.7273
-638.422	45.0909
-639.154	46
-639.885	46.3636
-640.616	46
-641.349	45.9091
-642.08	45.6364
-642.811	44.5454
-643.544	44.2727
-644.276	46
-645.007	45.9091
-645.74	46
-646.472	45.7273
-647.205	45.4545
-647.937	46.1818
-648.668	45.8182
-649.402	45.6364
-650.134	45.6364
-650.866	45.2727
-651.599	46.4545
-652.331	45.8182
-653.065	45.7273
-653.797	46.4545
-654.53	45.8182
-655.264	46.0909
-655.996	46.0909
-656.728	46.0909
-657.463	46.8182
-658.195	45.6364
-658.93	47
-659.662	46.0909
-660.395	46.2727
-661.13	46.1818
-661.862	45.9091
-662.597	45.4545
-663.33	46.0909
-664.063	45.2727
-664.798	45.0909
-665.531	46.3636
-666.266	45.9091
-667	46.1818
-667.733	45.8182
-668.468	45.7273
-669.202	45.7273
-669.937	45.4545
-670.671	46.2727
-671.406	46.4545
-672.14	45.6364
-672.874	45.9091
-673.61	45.7273
-674.344	46.2727
-675.079	46
-675.814	45.7273
-676.549	46
-677.284	46.2727
-678.018	46.1818
-678.754	46.1818
-679.489	45.8182
-680.225	46.6364
-680.959	46
-681.696	46.1818
-682.431	45.5455
-683.167	45.9091
-683.902	45.6364
-684.639	45.9091
-685.374	45.5455
-686.109	45.9091
-686.845	46.3636
-687.581	46
-688.318	45
-689.053	46.2727
-689.79	46
-690.525	45.3636
-691.263	47.0909
-691.998	46.0909
-692.736	45.9091
-693.471	46.2727
-694.209	46.8182
-694.945	46.3636
-695.682	45.4545
-696.418	46
-697.156	46.6364
-697.892	44.5455
-698.63	45.4545
-699.366	45.5455
-700.104	46.2727
-700.841	45.3636
-701.579	45.1818
-702.315	45.6364
-703.054	45.1818
-703.79	45.8182
-704.529	46.4545
-705.265	46.0909
-706.004	45.4545
-706.741	46.5455
-707.479	46.4545
-708.216	46.3636
-708.955	46.3636
-709.692	46.1818
-710.431	46.0909
-711.169	46.8182
-711.908	45.4545
-712.645	45.0909
-713.384	45.8182
-714.122	45.0909
-714.861	45.6364
-715.601	45.5455
-716.338	46
-717.078	46.0909
-717.816	45.6364
-718.555	45.6364
-719.294	45.8182
-720.033	46.5455
-720.771	46.9091
-721.511	45.7273
-722.25	45.3636
-722.99	45.8182
