657.203	52.7
656.588	44.2
655.974	52.15
655.359	50
654.744	48.45
654.129	48.85
653.516	48.25
652.901	48.95
652.286	48.05
651.671	49.2
651.056	48.75
650.44	48.25
649.825	48.8
649.21	48.65
648.595	48.55
647.979	49.15
647.364	48.45
646.749	49.4
646.133	48.65
645.518	48.95
644.902	48.4
644.286	48.6
643.671	48.75
643.055	48.6
642.439	48.5
641.823	48.95
641.207	49.4
640.591	49.15
639.976	49.2
639.359	48.75
638.743	48.55
638.127	48.75
637.511	48.3
636.895	49.2
636.279	47.95
635.662	48.75
635.046	48.55
634.429	49.15
633.813	49
633.196	49.15
632.58	48.15
631.963	49.1
631.346	48.85
630.73	48.6
630.113	48.45
629.496	48.7
628.879	48.55
628.262	48.85
627.645	48.05
627.027	48.65
626.41	47.9
625.793	48.8
625.175	47.45
624.558	48.3
623.941	48.6
623.324	49.15
622.706	47.75
622.089	48.75
621.471	48.15
620.854	49.1
620.236	49.2
619.618	48.1
619.001	48.35
618.382	49
617.764	47.2
617.146	48.05
616.528	49.1
615.91	48.6
615.292	48.85
614.674	48.2
614.056	48
613.438	47.8
612.818	48.15
612.2	48.25
611.582	49.2
610.963	48.35
610.345	49.1
609.727	49.6
609.108	48.15
608.489	49.15
607.869	48.6
607.251	48.6
606.632	48.5
606.013	48.1
605.395	48.75
604.776	48
604.157	47.9
603.536	48.05
602.917	49.35
602.298	48.1
601.679	48.3
601.06	48.7
600.441	48.15
599.82	48.55
599.201	48.55
598.582	48.05
597.962	48.55
597.343	49.35
596.723	48.95
596.102	49.45
595.483	48.65
594.863	49.5
594.243	48.6
593.624	48.7
593.002	48.35
592.382	49.55
591.763	49.05
591.143	47.3
590.523	49.05
589.901	48.9
589.281	49
588.661	48.8
588.041	48.85
587.419	49.25
586.799	47.9
586.178	48.2
585.558	47.95
584.937	49.5
584.315	48.25
583.695	48.75
583.074	48.65
582.454	49.35
581.831	48.55
581.211	48.9
580.59	48.95
579.969	48.6
579.347	49.35
578.726	48.95
578.105	47.65
577.482	48.9
576.861	48.65
576.24	47.95
575.619	47.75
574.996	48.45
574.375	49
573.753	48.65
573.132	48.45
572.509	47.95
571.887	49.05
571.266	48.1
570.643	48.45
570.021	48.8
569.399	49.05
568.777	47.4
568.154	48.2
567.532	47.9
566.91	49.15
566.287	49.2
565.665	48.25
565.043	48.45
564.419	49.3
563.797	48.2
563.175	49.4
562.551	49.1
561.929	48.15
561.306	48.25
560.683	48.55
560.06	49
559.438	49.4
558.813	47.95
558.191	48.8
557.568	48.15
556.944	48.75
556.321	48.8
555.698	48.7
555.074	47.55
554.451	49.35
553.827	48.65
553.204	48.95
552.58	49.1
551.956	48.35
551.333	48.1
550.709	48.85
550.085	47.55
549.461	48.35
548.836	48.75
548.213	49.35
547.589	48.15
546.964	48.4
546.341	49.95
545.717	48.1
545.092	48.75
544.468	48.65
543.843	48.6
543.219	48.95
542.594	48.9
541.97	48.85
541.346	48.35
540.72	49.25
540.096	48.35
539.471	48.7
538.846	48.05
538.222	49.65
537.596	48.8
536.972	49.15
536.346	49.2
535.722	49.2
535.096	48.35
534.471	48.85
533.845	49.25
533.22	48.65
532.596	48.35
531.969	49.2
531.344	49.15
530.718	48.55
530.093	48.5
529.467	49.15
528.842	48.65
528.215	48.35
527.59	48.35
526.963	48.35
526.338	48.2
525.711	49
525.086	48.15
524.459	49.35
523.834	49.25
523.207	48.2
522.581	49.05
521.956	48.4
521.329	48.05
520.703	48.65
520.076	48.5
519.45	49.1
518.823	47.95
518.195	49.3
517.569	48.3
516.942	49
516.316	48.4
515.688	48.35
515.062	48.8
514.434	49.05
513.808	49.65
513.18	49.35
512.554	49.95
511.926	48.2
511.3	49.15
510.672	48.25
510.045	49.3
509.417	49.05
508.79	47.95
508.162	47.75
507.534	48.85
506.907	48.85
506.279	49.2
505.652	48.8
505.023	48.8
504.396	49.25
503.768	48.35
503.139	48.6
502.512	49.3
501.883	48.3
501.256	48.55
500.627	49.2
500	47.75
499.371	47.7
498.742	48.6
498.114	49.05
497.485	49.2
496.858	48.65
496.228	48
495.599	49
494.971	48.75
494.342	48.2
493.714	48.6
493.085	48.95
492.455	48.9
491.827	49.05
491.198	47.9
490.568	48.75
489.94	48.15
489.31	49.15
488.682	48.25
488.052	49.05
487.422	48.3
486.794	48.65
486.164	48.7
485.534	47.75
484.905	48.75
484.275	47.95
483.645	48.7
483.016	48.9
482.385	47.8
481.755	47.85
481.126	48.6
480.496	48.85
479.867	48.45
479.236	48.3
478.606	48.85
477.975	48.4
477.346	48.45
476.715	48.5
476.084	48.9
475.455	48.45
474.824	48.5
474.193	48.85
473.563	49.25
472.932	48.25
472.301	49.25
471.671	48.35
471.04	47.6
470.409	48.35
469.777	49.35
469.147	48.9
468.516	48.5
467.885	48.8
467.254	48.2
466.623	49.95
465.991	48
465.359	48.75
464.729	48.75
464.097	48.4
463.466	49.2
462.835	47.75
462.203	48.45
461.571	49.3
460.939	49.8
460.308	49.2
459.676	49.2
459.044	48
458.412	48.2
457.781	49.2
457.149	48.6
456.516	49.25
455.884	48.7
455.253	48.7
454.62	48.9
453.987	48.8
453.355	48.4
452.722	48.55
452.091	49.35
451.458	50.35
450.825	49.1
450.192	48.8
449.56	49.15
448.927	49.3
448.294	48.8
447.661	49.3
447.028	48.4
446.396	49
445.763	48.05
445.129	49.15
444.496	49.15
443.862	49.2
443.23	48.35
442.597	48.45
441.963	48.55
441.33	48.7
440.696	48.55
440.062	49
439.43	48.15
438.796	48.65
438.162	49.15
437.528	49.1
436.894	48.7
436.26	48.55
435.627	48.85
434.993	47.45
434.359	48.85
433.724	48.9
433.09	48.6
432.456	48.35
431.821	49.5
431.188	48.4
430.553	48.9
429.919	48.8
429.284	48.45
428.649	48.55
428.015	48.55
427.38	48
426.746	48.75
426.111	48.55
425.477	48
424.841	48.25
424.206	48.3
423.571	48.95
422.936	48.1
422.301	48.95
421.665	48.7
421.03	49.25
420.396	48.35
419.761	48.55
419.125	47.5
418.49	48.2
417.854	47.35
417.218	48.6
416.583	48.5
415.947	49
415.311	48.15
414.675	48.95
414.039	47.9
413.403	49.45
412.769	48.2
412.133	48.75
411.496	48.95
410.86	48.35
410.224	49.1
409.588	49.45
408.951	48.4
408.315	48.35
407.679	49.4
407.042	49.15
406.406	49.4
405.769	49.25
405.132	47.9
404.496	48.9
403.859	48.4
403.222	49.2
402.585	48.35
401.948	48.05
401.311	48.45
400.674	48.4
400.037	49.7
399.4	48.55
398.763	48.7
398.125	47.95
397.488	48.65
396.851	48.3
396.213	48.7
395.576	49.15
394.938	48.2
394.301	48.8
393.663	48.5
393.026	49.05
392.388	49.25
391.75	49.3
391.112	48.75
390.474	48.95
389.837	48.6
389.199	49.4
388.561	48.75
387.922	49.8
387.284	49.1
386.646	48.45
386.008	48.55
385.37	48.15
384.731	49.1
384.093	48.3
383.454	47.85
382.816	48.8
382.177	48.4
381.539	48.35
380.9	49.15
380.261	48.4
379.622	48.65
378.982	48.6
378.343	48.05
377.704	48.45
377.065	48.5
376.426	49.45
375.787	48.05
375.148	48.55
374.509	48.65
373.87	48.55
373.23	49
372.591	48.8
371.952	48.3
371.312	48.95
370.671	47.85
370.032	48.9
369.392	48.45
368.752	48.25
368.113	49.55
367.473	49.15
366.833	48.9
366.193	48.95
365.553	48.1
364.912	48.45
364.272	48.55
363.632	48.55
362.991	48.85
362.351	48.75
361.711	49.35
361.071	49.45
360.43	48.75
359.788	48.65
359.148	48.45
358.507	48.4
357.867	48.75
357.226	49.35
356.585	48.9
355.943	49.1
355.303	49.35
354.662	48.35
354.021	50.1
353.38	49.15
352.739	49.25
352.098	49.45
351.455	49.15
350.814	49.2
350.173	49.3
349.532	49.25
348.89	48.95
348.247	49.8
347.606	48.6
346.964	49.6
346.323	49
345.681	49.55
345.038	48.85
344.397	48.15
343.755	48.3
343.113	49.1
342.471	48.1
341.828	48.5
341.186	49.15
340.544	49.15
339.902	49.35
339.26	48.3
338.616	47.7
337.974	49.2
337.331	49.45
336.689	49.2
336.045	48.3
335.403	49.45
334.76	49.8
334.118	48.65
333.475	49.9
332.831	49.2
332.188	48.8
331.546	48.55
330.903	49.05
330.258	48.75
329.616	49.1
328.973	48.3
328.33	47.95
327.685	48.8
327.042	48.9
326.399	49.25
325.754	49.05
325.111	48.6
324.467	48.3
323.824	48.85
323.179	49.1
322.535	48.95
321.892	49.25
321.247	48.9
320.603	48.9
319.959	48.25
319.316	48.95
318.67	49.4
318.026	49.35
317.383	48.95
316.737	49.5
316.093	48.9
315.449	49.2
314.803	48.95
314.159	48.8
313.515	49.25
312.871	49.05
312.225	49
311.58	48.85
310.936	49.3
310.29	48.85
309.645	49.3
309.001	49.3
308.354	49.45
307.71	49.6
307.065	49.05
306.419	49.6
305.774	49.4
305.129	49.85
304.482	49.65
303.837	49.05
303.191	50.65
302.545	48.8
301.9	49.9
301.253	49.35
300.608	50.1
299.963	48.95
299.316	50.05
298.67	48.6
298.025	48.35
297.378	48.9
296.732	49.8
296.085	49.8
295.439	49.35
294.793	49.95
294.146	49
293.5	49.2
292.853	48.9
292.206	49.25
291.56	49.95
290.913	49.85
290.267	49.75
289.619	49.3
288.973	49.3
288.326	50.3
287.678	49.65
287.032	50.15
286.384	49.2
285.737	49.35
285.091	49.15
284.442	49.3
283.796	49.4
283.147	48.9
282.501	49.65
281.852	49.35
281.205	49.4
280.557	50.1
279.91	50.1
279.263	49.9
278.614	49.9
277.967	49.95
277.318	49.65
276.671	49.8
276.022	49.5
275.374	50.05
274.725	50.15
274.078	50.7
273.429	50.7
272.781	50.75
272.133	49.85
271.484	49.85
270.836	49.75
270.187	51
269.539	49.8
268.89	50.6
268.242	50.25
267.592	50.3
266.944	50.65
266.294	50.8
265.646	50.1
264.996	50
264.348	50.3
263.698	50.7
263.05	50.1
262.4	50
261.751	51.7
261.101	50.85
260.452	50.8
259.802	49.95
259.153	50.45
258.503	51.25
257.854	51.55
257.204	51.3
256.553	50.9
255.904	50.55
255.253	52
254.604	51.55
253.954	52.1
253.304	51.95
252.653	52.6
252.004	51.9
251.353	52.55
250.704	52
250.053	51.9
249.402	52.55
248.752	52.45
248.101	53.75
247.451	52.95
246.8	51.55
246.15	51.85
245.498	52.05
244.848	51.8
244.197	52.4
243.545	50.95
242.895	51.35
242.243	51.3
241.593	52.3
240.941	51.05
240.29	50.7
239.639	51.45
238.987	52.3
238.337	51.4
237.685	51.9
237.032	52.4
236.382	51.55
235.73	51.4
235.079	50.9
234.426	50.9
233.774	51.6
233.123	51.35
232.471	50.9
231.819	51.4
231.167	50.6
230.514	50.5
229.863	51
229.21	51.15
228.557	51.55
227.906	51.5
227.253	50.75
226.6	51.5
225.948	50.6
225.295	50.7
224.644	50.4
223.99	51.55
223.337	50.6
222.685	49.4
222.032	50.8
221.379	50.5
220.727	50.2
220.073	49.95
219.419	50.55
218.767	49.05
218.114	50.9
217.46	51.15
216.807	50.2
216.154	51.05
215.5	49.5
214.847	50
214.193	50.7
213.539	50.8
212.885	51.1
212.232	50.05
211.578	50.6
210.924	50.75
210.271	51.1
209.616	50.15
208.962	50.3
208.309	50.8
207.654	51.1
207	49.5
206.345	51.3
205.692	50.85
205.037	51
204.382	51.4
203.729	51.2
203.074	51.65
202.419	50.5
201.763	50.35
201.11	50.05
200.455	51.2
199.799	50.8
199.144	51.05
198.49	50.5
197.835	51.35
197.179	50.45
196.524	51.55
195.87	50.15
195.214	50.75
194.558	50.8
193.903	50.05
193.248	50.65
192.593	49.7
191.937	50.8
191.281	50.2
190.626	51.1
189.97	50.25
189.314	50.9
188.658	51.55
188.002	51.15
187.347	50.3
186.69	50.45
186.034	51.7
185.378	50.75
184.723	51.55
184.066	50.95
183.409	51.55
182.753	51.6
182.096	51.6
181.441	52.3
180.784	51.8
180.127	52.3
179.47	52.45
178.813	52.95
178.156	53.9
177.5	52.4
176.843	52.85
176.186	52.5
175.529	53.5
174.871	52.8
174.215	52.25
173.558	52.4
172.9	53.25
172.243	53.5
171.585	53.5
170.928	53.4
170.27	53.1
169.614	55.15
168.956	53.65
168.298	53.6
167.64	53.4
166.982	54.4
166.324	54.1
165.667	54
165.009	54.65
164.351	54.35
163.693	54.8
163.034	55.45
162.376	55.5
161.717	55.35
161.059	55.15
160.402	55.75
159.743	56.35
159.085	56.35
158.426	56.55
157.767	56.4
157.108	57.9
156.449	56.95
155.79	56.8
155.131	58.9
154.474	59.45
153.815	59.2
153.156	58
152.496	60.55
151.837	62.9
151.178	61.95
150.518	62.65
149.859	63.4
149.199	64.15
148.54	64.15
147.88	66.25
147.221	67.45
146.562	70.7
145.903	71.7
145.243	75
144.583	82.2
143.923	85
143.263	89.9
142.603	103.55
141.943	114.8
141.283	132.85
140.622	151
139.962	181
139.302	205.35
138.641	228.25
137.981	236.3
137.32	238.9
136.66	236.85
135.999	221.35
135.339	207.5
134.678	189.9
134.017	178.55
133.356	163.2
132.695	153.15
132.034	145.15
131.373	137.55
130.712	133.4
130.053	124.25
129.392	120.1
128.73	112.65
128.069	113.3
127.408	104.9
126.746	103.65
126.085	96.8
125.423	92.15
124.762	89.05
124.1	86
123.437	84.2
122.775	85.05
122.113	79.65
121.452	78.5
120.79	77.45
120.128	74.9
119.466	75.2
118.804	72.75
118.142	72.65
117.479	73.6
116.817	71.55
116.155	72.45
115.493	70.2
114.83	70.5
114.168	69.9
113.505	70.6
112.843	70.3
112.18	67.75
111.517	67.8
110.855	67.4
110.192	68.2
109.529	69
108.866	68.25
108.203	70.4
107.54	70.3
106.876	70.1
106.212	69.85
105.549	72.25
104.886	71.8
104.223	73.65
103.559	76.4
102.896	77.55
102.232	82.75
101.569	89.35
100.905	97.6
100.242	104.85
99.5781	113.55
98.9128	127.4
98.249	141.55
97.5852	143.6
96.9213	149.5
96.2573	145.35
95.5933	137.95
94.9292	134.2
94.2651	131.85
93.6009	123.2
92.9351	116.55
92.2708	111.4
91.6065	107.9
90.942	102.25
90.2776	94.45
89.613	90.85
88.9484	90.7
88.2838	84.85
87.6176	80.35
86.9528	79.35
86.288	74.85
85.6232	76.4
84.9582	72.85
84.2933	70.7
83.6282	69.6
82.9616	69.05
82.2965	66.25
81.6313	64.5
80.966	63.9
80.3007	64.9
79.6353	62.5
78.9684	62.25
78.3029	62.3
77.6374	61.05
76.9718	60
76.3061	60.8
75.6404	60.85
74.9731	60.8
74.3073	59.45
73.6414	60.3
72.9755	60.65
72.3095	59.85
71.6419	61.3
70.9758	59.75
70.3097	60.3
69.6434	59.5
68.9772	59.7
68.3093	59.45
67.6429	59.5
66.9765	60.65
66.31	60.1
65.6434	59.4
64.9753	59.3
64.3086	60.25
63.6419	58.9
62.9751	59.8
62.3068	60.35
61.6399	60.45
60.9729	59.75
60.3059	60.45
59.6388	62
58.9702	62.35
58.303	60.95
57.6358	61.05
56.9685	60.9
56.2996	61.2
55.6322	60.45
54.9648	60.1
54.2972	60.3
53.6281	60.15
52.9605	59.75
52.2928	60.2
51.6251	61.6
50.9558	60.2
50.2879	60.45
49.62	61.85
48.952	60.15
48.2825	59.55
47.6144	60.35
46.9462	60.95
46.2765	60.75
45.6083	60.35
44.94	63
44.2716	62.15
43.6016	62.8
42.9332	60.85
42.2646	62.4
41.5945	62.15
40.9259	62.15
40.2571	65.05
39.5869	61.05
38.918	60
38.2492	63.1
37.5802	66.75
36.9097	69.2
36.2407	66.5
35.5715	66.55
34.9009	67.05
34.2316	68.25
33.5624	68.35
32.8915	67.55
32.2221	69.05
31.5527	68.65
30.8816	68.85
30.2121	72.3
29.5425	69.85
28.8713	69
28.2015	75.75
27.5317	76.95
26.8604	76.3
26.1905	77.35
25.5205	80
24.849	80.95
24.1789	84
23.5088	88.7
22.8371	89.95
22.1668	101.75
21.495	121.75
20.8246	141.35
20.1542	180.95
19.4822	222.2
18.8117	260.4
18.1411	271.75
17.4689	273.15
16.7982	297.65
16.1259	325.45
15.4551	355.65
14.7843	370.3
14.1118	408.95
13.4408	434
12.7698	425.8
12.0972	408.35
11.426	411.3
10.7533	397.45
10.082	371.6
9.41065	366.05
8.73774	380.85
8.0663	410.45
7.39328	509.85
6.72172	586.1
6.04858	695.3
5.3769	891.45
4.70517	1372.35
4.03186	2422.3
3.36002	5561.95
2.68659	18296.4
2.01463	64534.9
1.34109	64540
0.669021	64540
-0.00310931	64540
-0.676821	64540
-1.34907	64540
-2.02289	64540
-2.69525	31723.4
-3.36919	8494.15
-4.04167	3110
-4.71573	1594.6
-5.38831	1146.95
-6.06096	930.4
-6.73519	826.05
-7.40795	744.6
-8.08229	690.6
-8.75517	657.3
-9.42963	619.5
-10.1026	555.6
-10.7772	499.1
-11.4503	438.95
-12.125	373.2
-12.7982	304.35
-13.473	261.85
-14.1463	210.4
-14.8213	184.35
-15.4947	168.9
-16.1697	155.05
-16.8433	144.35
-17.5185	134.7
-18.1921	131.65
-18.8674	120.9
-19.5412	126.75
-20.2166	123.65
-20.8905	122.3
-21.566	121.95
-22.24	114.2
-22.9156	102.5
-23.5897	103.7
-24.2655	107.65
-24.9397	108.25
-25.6156	104.9
-26.2899	94.95
-26.9659	92.4
-27.6404	85.35
-28.3164	84
-28.991	82.15
-29.6672	83.05
-30.3419	79.85
-31.0182	79.6
-31.6931	78.05
-32.3695	78.5
-33.046	78.85
-33.721	76.55
-34.3976	76.4
-35.0727	74.4
-35.7494	73
-36.4246	70.3
-37.1014	68.35
-37.7768	69.75
-38.4537	69.05
-39.1307	67.75
-39.8062	66.6
-40.4833	66.6
-41.159	67.5
-41.8362	66.5
-42.512	66.55
-43.1893	65.6
-43.8667	65.35
-44.5426	66.95
-45.2201	65.15
-45.8962	64.7
-46.5738	64.9
-47.2515	64.8
-47.9277	64.7
-48.6055	64.35
-49.2818	65.45
-49.9598	64.4
-50.6377	64.85
-51.3142	63.6
-51.9923	63.65
-52.669	64.9
-53.3472	63.6
-54.0254	63.45
-54.7022	64.1
-55.3806	62.4
-56.0575	62.35
-56.736	62.25
-57.4146	63.85
-58.0917	63.3
-58.7703	64.05
-59.4491	62.9
-60.1263	64.45
-60.8052	64.9
-61.4841	62.6
-62.1615	62.5
-62.8405	62.65
-63.5181	62.75
-64.1972	63.25
-64.8764	62.5
-65.5541	62.65
-66.2334	61.55
-66.9128	62.25
-67.5907	61.7
-68.2702	62.4
-68.9497	62.65
-69.6278	61.5
-70.3075	62.3
-70.9872	61.85
-71.6654	62.2
-72.3453	62.6
-73.0252	61.4
-73.7036	61.5
-74.3836	60.75
-75.0637	60.5
-75.7438	61.15
-76.4224	61.8
-77.1027	60.9
-77.783	61.4
-78.4618	60.8
-79.1422	60.55
-79.8227	61.25
-80.5017	61.25
-81.1823	61.3
-81.8629	60.6
-82.5436	62.15
-83.2229	61.7
-83.9037	62.35
-84.5846	61.4
-85.264	62.45
-85.945	61.15
-86.626	63.75
-87.3072	62.45
-87.9868	62.95
-88.668	62.85
-89.3493	63.1
-90.0291	65.15
-90.7105	64.45
-91.392	65.35
-92.0735	66.55
-92.7536	66.05
-93.4352	66.6
-94.1169	67.05
-94.7987	67.65
-95.479	67.85
-96.1609	68.5
-96.8428	69.05
-97.5248	67.7
-98.2053	69.4
-98.8874	68.6
-99.5696	68.7
-100.252	65.9
-100.934	64.85
-101.615	63.6
-102.297	61.65
-102.98	62.05
-103.662	60.75
-104.343	60.95
-105.026	60.95
-105.709	59.9
-106.391	60.2
-107.074	60.2
-107.756	59.85
-108.438	58.8
-109.121	59.45
-109.805	59.65
-110.488	58.85
-111.169	58.35
-111.852	59.15
-112.536	58
-113.219	59.7
-113.902	58.4
-114.584	58.8
-115.268	59.1
-115.951	58.7
-116.635	58.6
-117.319	58.85
-118.003	57.4
-118.685	58.25
-119.369	57.85
-120.053	58.6
-120.737	57.1
-121.421	58.95
-122.103	58.8
-122.787	58.4
-123.472	58.5
-124.156	58.25
-124.84	59.45
-125.525	58.1
-126.209	60
-126.892	58.65
-127.577	59.3
-128.261	59.6
-128.946	60.7
-129.631	60.1
-130.316	60.65
-131	60.1
-131.684	61.95
-132.369	62
-133.054	61.75
-133.739	62.9
-134.424	62.5
-135.109	62.55
-135.795	65.35
-136.48	64.55
-137.164	65.55
-137.849	66.6
-138.535	65.05
-139.22	66.1
-139.906	65.05
-140.592	63.65
-141.277	61.05
-141.963	60.55
-142.649	59.65
-143.335	58
-144.019	57.9
-144.706	56.7
-145.392	56.45
-146.078	56.95
-146.764	56.15
-147.45	56.35
-148.137	56.7
-148.823	55.85
-149.509	55.65
-150.196	53.75
-150.883	55.9
-151.569	56.1
-152.256	54.85
-152.941	54.85
-153.628	55.15
-154.315	54.75
-155.002	54.75
-155.689	54.95
-156.376	55.55
-157.063	55.9
-157.75	54.9
-158.437	54.8
-159.125	54.55
-159.812	54.85
-160.499	55.55
-161.187	54.2
-161.874	54.95
-162.562	53.55
-163.25	53.8
-163.937	54.65
-164.625	53.65
-165.313	53.95
-166.001	54.25
-166.689	54.1
-167.377	54.1
-168.065	54.45
-168.753	53.85
-169.441	53.45
-170.129	54.3
-170.818	54.3
-171.506	53.85
-172.194	54.15
-172.883	53.6
-173.571	54.4
-174.26	53.8
-174.949	53.9
-175.637	54.4
-176.326	53.95
-177.015	54.05
-177.704	54.25
-178.393	53.4
-179.082	52.35
-179.771	53.4
-180.46	53.3
-181.149	53.7
-181.838	54.45
-182.528	53
-183.217	53.4
-183.907	53.35
-184.596	54.05
-185.286	53.35
-185.975	54
-186.665	53.7
-187.355	53.25
-188.044	53.2
-188.734	52.9
-189.424	53.5
-190.114	53.8
-190.804	53.6
-191.494	53
-192.184	53.25
-192.876	53.05
-193.566	53.45
-194.257	52.9
-194.947	53.5
-195.637	52.95
-196.328	52.35
-197.018	53.35
-197.709	53.5
-198.4	51.6
-199.09	52.85
-199.781	53.1
-200.472	52.75
-201.163	53.3
-201.856	52.75
-202.547	52.7
-203.238	52.65
-203.929	53.6
-204.62	52.4
-205.311	51.55
-206.003	52.4
-206.694	52.75
-207.386	53.2
-208.077	53.1
-208.77	52.7
-209.462	52.6
-210.153	52.8
-210.845	52.4
-211.537	52.4
-212.229	52
-212.921	52.95
-213.613	53.35
-214.305	52.2
-214.999	52.6
-215.691	52.6
-216.383	52.65
-217.075	52
-217.768	52.35
-218.46	52
-219.152	52.65
-219.847	52.85
-220.539	52.5
-221.232	52.25
-221.925	52.6
-222.617	52.5
-223.31	52.65
-224.005	52.05
-224.698	52
-225.391	53
-226.084	51.7
-226.777	53.2
-227.47	52.2
-228.165	52.65
-228.858	52.2
-229.551	52.3
-230.245	52.05
-230.938	52.1
-231.632	51.95
-232.327	51.85
-233.021	51.7
-233.714	51.25
-234.408	52.9
-235.102	52.45
-235.798	51.9
-236.492	51.7
-237.186	52.6
-237.88	52.3
-238.574	51.65
-239.27	51.75
-239.964	51.3
-240.658	52.45
-241.353	51.75
-242.047	52.6
-242.743	52.35
-243.438	52.15
-244.132	51.75
-244.827	51.65
-245.523	52.3
-246.218	51.85
-246.913	52.45
-247.608	52
-248.303	52
-248.999	51.5
-249.695	51.75
-250.39	52.15
-251.085	51.3
-251.782	51.9
-252.477	50.95
-253.173	51.85
-253.868	51.2
-254.565	51.7
-255.261	52.35
-255.956	51.8
-256.652	51.6
-257.35	51.8
-258.045	51.15
-258.741	52.05
-259.437	52.2
-260.135	51.3
-260.831	52.05
-261.527	50.6
-262.225	51.3
-262.921	51.75
-263.617	51.45
-264.314	52.2
-265.012	51.25
-265.708	50.6
-266.405	52.6
-267.103	51.1
-267.8	51.2
-268.496	51
-269.193	51.5
-269.892	50.7
-270.589	51.45
-271.286	51.6
-271.984	51.05
-272.681	51
-273.378	51.4
-274.077	50.95
-274.775	51.7
-275.472	51.1
-276.171	50.9
-276.868	51.5
-277.566	51.7
-278.263	50.2
-278.963	51.6
-279.66	50.9
-280.358	51
-281.058	51.7
-281.755	51.55
-282.453	50.7
-283.153	51.15
-283.851	50.3
-284.549	50.7
-285.249	50.65
-285.947	51
-286.647	50.7
-287.345	50.9
-288.044	51.35
-288.744	50.2
-289.443	51.75
-290.141	51.2
-290.841	50
-291.54	50.8
-292.239	51
-292.939	50.75
-293.638	50.95
-294.339	51.1
-295.038	49.95
-295.737	50.4
-296.438	51.15
-297.137	51.5
-297.836	50.5
-298.537	50.35
-299.237	50.55
-299.938	50.5
-300.637	49.9
-301.337	50.95
-302.038	50.85
-302.738	50
-303.439	50
-304.139	50.75
-304.839	51.1
-305.54	50.75
-306.24	50.5
-306.942	50.6
-307.642	50.25
-308.342	50.85
-309.044	50.45
-309.745	50.25
-310.447	50.65
-311.147	50.75
-311.849	50.1
-312.55	49.95
-313.25	50.7
-313.953	50.05
-314.653	49.8
-315.356	50.55
-316.057	49.5
-316.759	51.1
-317.46	50.6
-318.161	50.65
-318.864	50.1
-319.565	50.5
-320.268	49.95
-320.969	50.5
-321.672	50.85
-322.373	50.3
-323.077	49.7
-323.778	50
-324.481	51.05
-325.183	50.2
-325.885	50.55
-326.588	50.75
-327.29	50.15
-327.993	49.95
-328.695	50.6
-329.399	51.3
-330.101	50.4
-330.805	50.2
-331.507	50.2
-332.211	50.15
-332.913	49.7
-333.617	49.25
-334.32	51.05
-335.024	50.65
-335.726	49.7
-336.431	50.95
-337.133	49.95
-337.838	50.05
-338.54	49.25
-339.245	50
-339.948	49.85
-340.652	50.1
-341.356	50.6
-342.06	49.6
-342.763	50.15
-343.468	49.9
-344.172	50.2
-344.877	49.85
-345.58	49.75
-346.285	50.35
-346.989	49.7
-347.694	49.85
-348.399	50.55
-349.103	49.75
-349.808	50.1
-350.512	50.2
-351.218	49.8
-351.922	49.55
-352.627	50.25
-353.331	50.25
-354.037	50.65
-354.741	49.8
-355.447	50.3
-356.153	49.65
-356.858	50.1
-357.564	49.8
-358.268	50.35
-358.975	49.1
-359.679	50
-360.386	49.8
-361.09	49.8
-361.797	49.1
-362.503	50.2
-363.208	49.75
-363.915	50
-364.62	49.4
-365.327	49.9
-366.034	49.35
-366.739	49.75
-367.446	49.75
-368.151	49.35
-368.858	49.9
-369.564	49.65
-370.271	50.05
-370.978	50.35
-371.684	48.95
-372.391	49.5
-373.097	49.1
-373.805	49.25
-374.512	48.9
-375.218	49.85
-375.926	50.2
-376.634	49.3
-377.34	49.1
-378.048	50
-378.754	48.9
-379.462	49.3
-380.17	48.9
-380.877	49.25
-381.585	49.45
-382.293	49.2
-383	49.45
-383.708	50
-384.415	49.3
-385.124	49.45
-385.832	49
-386.539	49.6
-387.248	49.45
-387.956	49.05
-388.664	50.4
-389.373	48.85
-390.081	49.9
-390.789	48.95
-391.498	49.35
-392.207	48.65
-392.915	49.2
-393.624	49.4
-394.333	48.75
-395.041	49.25
-395.75	49.55
-396.46	48.9
-397.168	49.65
-397.877	48.5
-398.587	49.8
-399.295	49.75
-400.005	48.9
-400.715	49.65
-401.423	50.2
-402.133	49.4
-402.843	49.35
-403.552	49.25
-404.262	49.35
-404.972	49.75
-405.682	48.95
-406.391	49.15
-407.101	49.65
-407.812	49.15
-408.521	49.25
-409.231	50.45
-409.942	50.2
-410.653	49.2
-411.362	50.2
-412.073	48.5
-412.784	49.45
-413.493	48.35
-414.204	49.05
-414.915	48.85
-415.626	49.25
-416.336	49.05
-417.047	48.85
-417.759	48.85
-418.47	48.4
-419.18	49.15
-419.891	49
-420.603	48.45
-421.313	49.45
-422.025	48.7
-422.737	49.45
-423.448	48.85
-424.159	49
-424.871	49.25
-425.583	48.65
-426.295	48.95
-427.007	49.1
-427.718	49.75
-428.43	49.25
-429.142	49.6
-429.855	49.1
-430.566	49
-431.278	49.25
-431.991	48.25
-432.703	50.05
-433.414	49.6
-434.127	49.35
-434.84	49.9
-435.553	48.65
-436.266	50
-436.977	48.55
-437.69	49.4
-438.404	48.75
-439.117	48.65
-439.83	48.85
-440.542	47.9
-441.255	49.1
-441.969	48.9
-442.682	48.75
-443.396	49.45
-444.108	48.5
-444.822	48.35
-445.535	49.45
-446.249	49.3
-446.963	48.3
-447.676	49
-448.39	48.25
-449.104	49.25
-449.818	48.7
-450.532	48.9
-451.246	49.05
-451.959	49
-452.674	49.1
-453.388	49
-454.103	48.55
-454.817	48.35
-455.532	49.15
-456.245	48.3
-456.96	48.35
-457.675	48.45
-458.39	48.15
-459.104	48.75
-459.82	48.05
-460.535	49.05
-461.248	48.9
-461.963	48.5
-462.679	48.8
-463.394	48.15
-464.109	48.55
-464.825	48.9
-465.541	48.65
-466.255	49.05
-466.97	48.1
-467.686	49
-468.402	48.2
-469.118	48.2
-469.833	48.2
-470.549	48.1
-471.266	49.15
-471.982	48.9
-472.696	49.4
-473.412	49.25
-474.129	47.45
-474.845	48.85
-475.562	49.1
-476.278	49.05
-476.995	48.95
-477.711	48.35
-478.428	49.15
-479.145	47.85
-479.86	48.65
-480.577	48.25
-481.294	48.95
-482.011	48.45
-482.728	48.3
-483.445	49.65
-484.162	47.95
-484.879	48.25
-485.597	48.85
-486.314	48.15
-487.031	48.75
-487.749	48.6
-488.466	48.15
-489.182	48.95
-489.9	48.8
-490.618	47.55
-491.336	48.75
-492.054	48.25
-492.771	48.95
-493.489	49.15
-494.208	48.45
-494.926	48.15
-495.644	48.25
-496.362	48.55
-497.08	48.8
-497.799	48.3
-498.517	47.65
-499.236	48.75
-499.954	48.5
-500.673	48.05
-501.392	48.5
-502.11	48.7
-502.829	48
-503.548	47.85
-504.267	48
-504.986	47.85
-505.705	47.9
-506.424	47.75
-507.144	49
-507.863	47.9
-508.581	48.2
-509.3	47.7
-510.019	48.8
-510.739	48.45
-511.459	48.3
-512.178	48
-512.898	48.25
-513.618	47.75
-514.338	48.75
-515.057	47.3
-515.779	48.6
-516.499	48.05
-517.219	49.05
-517.939	48.15
-518.66	49.05
-519.38	48.5
-520.1	48.45
-520.821	48.55
-521.541	48.6
-522.262	48.3
-522.982	48.15
-523.703	47.4
-524.424	47.3
-525.144	48.05
-525.865	47.5
-526.586	48.3
-527.307	48.65
-528.028	48.45
-528.749	48.1
-529.471	47.95
-530.192	48.5
-530.913	48.35
-531.635	48.45
-532.356	48.35
-533.077	47.95
-533.799	48.15
-534.521	48.25
-535.244	48.2
-535.966	48.35
-536.688	48.65
-537.409	48.8
-538.131	48.7
-538.853	48.6
-539.575	48.4
-540.298	48.2
-541.02	48.15
-541.742	47.95
-542.464	48.8
-543.187	48.4
-543.909	47.95
-544.633	47.9
-545.356	48.5
-546.079	48.5
-546.801	49.3
-547.524	48.6
-548.247	48.3
-548.97	48.35
-549.693	48.15
-550.416	48.4
-551.139	48.15
-551.864	48.1
-552.587	47.25
-553.31	47.45
-554.034	47.45
-554.757	48.5
-555.48	48.2
-556.204	48.15
-556.928	48.6
-557.651	48.1
-558.377	48.55
-559.1	48.7
-559.824	47.1
-560.548	48.15
-561.272	48.35
-561.996	48.15
-562.72	47.8
-563.446	47.6
-564.17	47.6
-564.895	47.45
-565.619	47.65
-566.344	48.8
-567.068	47.85
-567.793	48.1
-568.519	48
-569.244	47.65
-569.968	48.15
-570.693	47.25
-571.418	47.45
-572.143	47.9
-572.87	47.8
-573.595	47.65
-574.32	48.05
-575.045	48.6
-575.77	48
-576.496	47.6
-577.223	47.95
-577.948	46.9
-578.674	47.45
-579.399	47.6
-580.125	47.85
-580.851	48
-581.578	47.35
-582.304	47.95
-583.03	48.4
-583.756	47.4
-584.482	48.35
-585.21	47.8
-585.936	47.35
-586.662	48.25
-587.388	48.05
-588.115	47.85
-588.843	47.65
-589.569	47.45
-590.296	47.4
-591.023	48.3
-591.749	47.75
-592.478	47.9
-593.205	47.9
-593.931	48.05
-594.658	48.1
-595.387	47.75
-596.114	46.9
-596.841	47.3
-597.568	48
-598.297	48.3
-599.025	47.55
-599.752	47.55
-600.48	47.45
-601.207	47.7
-601.936	47.45
-602.664	48.45
-603.392	48
-604.119	47.65
-604.849	48.25
-605.577	47.1
-606.305	47.55
-607.033	48.05
-607.763	47.55
-608.491	48.35
-609.219	47.25
-609.949	47
-610.677	47.25
-611.406	47.3
-612.134	47.8
-612.865	48.35
-613.593	47.7
-614.322	47.15
-615.051	47.25
-615.781	48.15
-616.51	47.8
-617.239	47.5
-617.97	47.5
-618.699	48.1
-619.428	47.9
-620.157	48
-620.888	47.9
-621.617	47.85
-622.347	47.1
-623.078	47.2
-623.807	48
-624.537	47.35
-625.268	48
-625.998	47.4
-626.728	47.4
-627.458	48.15
-628.189	47.65
-628.919	47.05
-629.649	47.65
-630.381	47.65
-631.111	47.45
-631.841	47.45
-632.573	47.35
-633.304	46.75
-634.034	47
-634.766	48
-635.497	47.3
-636.228	48.15
-636.96	46.7
-637.691	48.05
-638.422	48.25
-639.154	47.95
-639.885	47
-640.616	48.15
-641.349	46.5
-642.08	47.8
-642.811	48.15
-643.544	47.35
-644.276	47.85
-645.007	47.6
-645.74	46.55
-646.472	47.9
-647.205	48.05
-647.937	47.5
-648.668	47.95
-649.402	47.75
-650.134	47.1
-650.866	46.9
-651.599	47.3
-652.331	47.6
-653.065	48
-653.797	48.45
-654.53	47.4
-655.264	48
-655.996	47.3
-656.728	47.4
-657.463	48.4
-658.195	47.8
-658.93	47.6
-659.662	47.45
-660.395	48.3
-661.13	47.65
-661.862	47.3
-662.597	47.75
-663.33	47.65
-664.063	47.25
-664.798	47.25
-665.531	47.2
-666.266	47.75
-667	46.75
-667.733	47.45
-668.468	47.45
-669.202	47.75
-669.937	47.4
-670.671	46.75
-671.406	47.3
-672.14	46.7
-672.874	47.6
-673.61	47
-674.344	47.6
-675.079	46.95
-675.814	47.75
-676.549	46.9
-677.284	48.2
-678.018	47.8
-678.754	47.8
-679.489	48.1
-680.225	47.15
-680.959	46.7
-681.696	47.7
-682.431	47.45
-683.167	47
-683.902	47.6
-684.639	47.35
-685.374	47.45
-686.109	47.9
-686.845	47.45
-687.581	46.75
-688.318	47.4
-689.053	47.75
-689.79	47.8
-690.525	47.05
-691.263	47.55
-691.998	47.1
-692.736	47.35
-693.471	47.2
-694.209	47.95
-694.945	46.25
-695.682	47.7
-696.418	47.65
-697.156	47.35
-697.892	47.55
-698.63	46.7
-699.366	48.1
-700.104	48.3
-700.841	47
-701.579	47.3
-702.315	47.25
-703.054	46.95
-703.79	46.95
-704.529	47
-705.265	47.1
-706.004	47.4
-706.741	46.95
-707.479	47.25
-708.216	47.45
-708.955	48.35
-709.692	47.35
-710.431	47
-711.169	47.15
-711.908	47.2
-712.645	47
-713.384	47.5
-714.122	47.7
-714.861	47.45
-715.601	47.25
-716.338	47.85
-717.078	47.5
-717.816	46.7
-718.555	46.4
-719.294	47.35
-720.033	47.15
-720.771	47.55
-721.511	47.35
-722.25	47.7
-722.99	47.3
